ID name Binom_Genome_Fraction Binom_Expected Binom_Observed_Region_Hits Binom_Fold_Enrichment Binom_Region_Set_Coverage Binom_Raw_PValue Binom_Adjp_BH Hyper_Total_Genes Hyper_Expected Hyper_Observed_Gene_Hits Hyper_Fold_Enrichment Hyper_Gene_Set_Coverage Hyper_Term_Gene_Coverage Hyper_Raw_PValue Hyper_Adjp_BH
GO:0005149 interleukin-1 receptor binding 0.0008879 0.008879 2 225.2506 0.2 3.530888e-05 0.14896816472 17 0.01008141 2 198.385 0.1818182 0.1176471 4.327193e-05 0.120275019955
GO:0070851 growth factor receptor binding 0.01572829 0.1572829 3 19.07391 0.3 0.0004297726 0.894165296933333 133 0.07887218 3 38.03623 0.2727273 0.02255639 5.701589e-05 0.120275019955
GO:0005507 copper ion binding 0.003797141 0.03797141 2 52.67121 0.2 0.0006358132 0.894165296933333 55 0.03261631 1 30.6595 0.09090909 0.01818182 0.03214557 1
GO:0005126 cytokine receptor binding 0.02304669 0.2304669 3 13.01705 0.3 0.001300736 1 270 0.1601164 3 18.73636 0.2727273 0.01111111 0.0004615477 0.416994639016667
GO:0000213 tRNA-intron endonuclease activity 0.000195052 0.00195052 1 512.6837 0.1 0.001948809 1 4 0.002372096 1 421.5682 0.09090909 0.25 0.002370178 0.624986311375
GO:0097621 monoamine oxidase activity 0.0002515513 0.002515513 1 397.5333 0.1 0.002512667 1 1 0.0005930239 1 1686.273 0.09090909 1 0.0005930239 0.416994639016667
GO:0004921 interleukin-11 receptor activity 0.0003348305 0.003348305 1 298.6586 0.1 0.003343265 1 1 0.0005930239 1 1686.273 0.09090909 1 0.0005930239 0.416994639016667
GO:0019970 interleukin-11 binding 0.0003348305 0.003348305 1 298.6586 0.1 0.003343265 1 1 0.0005930239 1 1686.273 0.09090909 1 0.0005930239 0.416994639016667
GO:0045509 interleukin-27 receptor activity 0.0003458085 0.003458085 1 289.1774 0.1 0.003452709 1 2 0.001186048 1 843.1364 0.09090909 0.5 0.001185728 0.487910090454545
GO:0016892 endoribonuclease activity, producing 3'-phosphomonoesters 0.0003543259 0.003543259 1 282.2261 0.1 0.003537614 1 10 0.005930239 1 168.6273 0.09090909 0.1 0.00591587 1
GO:0004915 interleukin-6 receptor activity 0.0003939537 0.003939537 1 253.837 0.1 0.00393256 1 2 0.001186048 1 843.1364 0.09090909 0.5 0.001185728 0.487910090454545
GO:0019981 interleukin-6 binding 0.0003939537 0.003939537 1 253.837 0.1 0.00393256 1 2 0.001186048 1 843.1364 0.09090909 0.5 0.001185728 0.487910090454545
GO:0070404 NADH binding 0.0004680313 0.004680313 1 213.6609 0.1 0.004670468 1 3 0.001779072 1 562.0909 0.09090909 0.3333333 0.001778113 0.535847053357143
GO:0004923 leukemia inhibitory factor receptor activity 0.0005380878 0.005380878 1 185.8433 0.1 0.005367867 1 2 0.001186048 1 843.1364 0.09090909 0.5 0.001185728 0.487910090454545
GO:0030368 interleukin-17 receptor activity 0.0005598174 0.005598174 1 178.6297 0.1 0.005584092 1 8 0.004744191 1 210.7841 0.09090909 0.125 0.004735247 0.99890035465
GO:0005127 ciliary neurotrophic factor receptor binding 0.0006073998 0.006073998 1 164.6362 0.1 0.006057423 1 5 0.002965119 1 337.2545 0.09090909 0.2 0.002961924 0.735079844470588
GO:0004924 oncostatin-M receptor activity 0.0006193117 0.006193117 1 161.4696 0.1 0.006175886 1 3 0.001779072 1 562.0909 0.09090909 0.3333333 0.001778113 0.535847053357143
GO:0004897 ciliary neurotrophic factor receptor activity 0.0006262399 0.006262399 1 159.6832 0.1 0.00624478 1 4 0.002372096 1 421.5682 0.09090909 0.25 0.002370178 0.624986311375
GO:0016894 endonuclease activity, active with either ribo- or deoxyribonucleic acids and producing 3'-phosphomonoesters 0.0006752752 0.006752752 1 148.0878 0.1 0.006732269 1 22 0.01304653 1 76.64876 0.09090909 0.04545455 0.01297291 1
GO:0005138 interleukin-6 receptor binding 0.0006923611 0.006923611 1 144.4333 0.1 0.00690208 1 7 0.004151167 1 240.8961 0.09090909 0.1428571 0.004144458 0.920287805368421
GO:0016018 cyclosporin A binding 0.0009141544 0.009141544 1 109.3907 0.1 0.00910403 1 10 0.005930239 1 168.6273 0.09090909 0.1 0.00591587 1
GO:0004549 tRNA-specific ribonuclease activity 0.001024187 0.01024187 1 97.63844 0.1 0.01019479 1 16 0.009488382 1 105.392 0.09090909 0.0625 0.009450102 1
GO:0051379 epinephrine binding 0.001207731 0.01207731 1 82.7999 0.1 0.01201188 1 7 0.004151167 1 240.8961 0.09090909 0.1428571 0.004144458 0.920287805368421
GO:0005125 cytokine activity 0.01711621 0.1711621 2 11.68483 0.2 0.01203255 1 222 0.1316513 2 15.19165 0.1818182 0.009009009 0.007304293 1
GO:0016641 oxidoreductase activity, acting on the CH-NH2 group of donors, oxygen as acceptor 0.001291414 0.01291414 1 77.43449 0.1 0.01283935 1 16 0.009488382 1 105.392 0.09090909 0.0625 0.009450102 1
GO:0070742 C2H2 zinc finger domain binding 0.002061344 0.02061344 1 48.51203 0.1 0.02042328 1 15 0.008895358 1 112.4182 0.09090909 0.06666667 0.008861858 1
GO:0016638 oxidoreductase activity, acting on the CH-NH2 group of donors 0.002148605 0.02148605 1 46.54183 0.1 0.02127949 1 21 0.0124535 1 80.2987 0.09090909 0.04761905 0.01238657 1
GO:1901338 catecholamine binding 0.002272689 0.02272689 1 44.00074 0.1 0.02249586 1 19 0.01126745 1 88.7512 0.09090909 0.05263158 0.01121293 1
GO:0030544 Hsp70 protein binding 0.002819684 0.02819684 1 35.46496 0.1 0.02784174 1 37 0.02194188 1 45.57494 0.09090909 0.02702703 0.02173015 1
GO:0003755 peptidyl-prolyl cis-trans isomerase activity 0.00292018 0.0292018 1 34.24447 0.1 0.02882104 1 39 0.02312793 1 43.23776 0.09090909 0.02564103 0.02289243 1
GO:0016859 cis-trans isomerase activity 0.003026472 0.03026472 1 33.04177 0.1 0.02985585 1 41 0.02431398 1 41.1286 0.09090909 0.02439024 0.02405345 1
GO:0051879 Hsp90 protein binding 0.003084831 0.03084831 1 32.41669 0.1 0.03042359 1 32 0.01897676 1 52.69602 0.09090909 0.03125 0.01881895 1
GO:0004521 endoribonuclease activity 0.003201074 0.03201074 1 31.23952 0.1 0.03155354 1 55 0.03261631 1 30.6595 0.09090909 0.01818182 0.03214557 1
GO:0051287 NAD binding 0.004238692 0.04238692 1 23.59219 0.1 0.0415875 1 56 0.03320934 1 30.11201 0.09090909 0.01785714 0.03272124 1
GO:0030331 estrogen receptor binding 0.004625042 0.04625042 1 21.62143 0.1 0.0452996 1 40 0.02372096 1 42.15682 0.09090909 0.025 0.0234731 1
GO:0005102 receptor binding 0.1490492 1.490492 4 2.683678 0.4 0.0489594 1 1475 0.8747102 4 4.572943 0.3636364 0.002711864 0.008341169 1
GO:0030145 manganese ion binding 0.006441476 0.06441476 1 15.52439 0.1 0.0625793 1 50 0.02965119 1 33.72545 0.09090909 0.02 0.02926256 1
GO:0004896 cytokine receptor activity 0.00761233 0.0761233 1 13.13658 0.1 0.07356789 1 91 0.05396517 2 37.06094 0.1818182 0.02197802 0.001272105 0.487910090454545
GO:0019955 cytokine binding 0.01032716 0.1032716 1 9.683205 0.1 0.09860214 1 101 0.05989541 2 33.39154 0.1818182 0.01980198 0.001563707 0.535847053357143
GO:0035505 positive regulation of myosin light chain kinase activity 4.137209e-05 0.0004137209 2 4834.177 0.2 7.700725e-08 0.00101226030125 1 0.0005930239 1 1686.273 0.09090909 1 0.0005930239 0.259843305516667
GO:0014805 smooth muscle adaptation 9.620042e-05 0.0009620042 2 2078.993 0.2 4.162398e-07 0.0027357360855 4 0.002372096 1 421.5682 0.09090909 0.25 0.002370178 0.389449872625
GO:0001660 fever generation 0.0001239786 0.001239786 2 1613.182 0.2 6.912237e-07 0.002888471784 5 0.002965119 2 674.5091 0.1818182 0.4 3.194137e-06 0.0139956436216667
GO:0070164 negative regulation of adiponectin secretion 0.0001548413 0.001548413 2 1291.645 0.2 1.078022e-06 0.002888471784 4 0.002372096 1 421.5682 0.09090909 0.25 0.002370178 0.389449872625
GO:0030730 sequestering of triglyceride 0.0001563196 0.001563196 2 1279.43 0.2 1.098696e-06 0.002888471784 4 0.002372096 1 421.5682 0.09090909 0.25 0.002370178 0.389449872625
GO:0002675 positive regulation of acute inflammatory response 0.002446779 0.02446779 3 122.6102 0.3 1.735336e-06 0.00380183195333333 27 0.01601164 2 124.9091 0.1818182 0.07407407 0.000111319 0.121940687916667
GO:0060355 positive regulation of cell adhesion molecule production 0.0002140871 0.002140871 2 934.1991 0.2 2.060145e-06 0.00386865800357143 4 0.002372096 1 421.5682 0.09090909 0.25 0.002370178 0.389449872625
GO:0060559 positive regulation of calcidiol 1-monooxygenase activity 0.0002461566 0.002461566 2 812.4909 0.2 2.723111e-06 0.0039337687565 3 0.001779072 1 562.0909 0.09090909 0.3333333 0.001778113 0.356653082910448
GO:0070163 regulation of adiponectin secretion 0.0002577274 0.002577274 2 776.0138 0.2 2.984947e-06 0.0039337687565 6 0.003558143 1 281.0455 0.09090909 0.1666667 0.003553351 0.453483484417476
GO:0002248 connective tissue replacement involved in inflammatory response wound healing 0.0002580576 0.002580576 2 775.0207 0.2 2.992597e-06 0.0039337687565 4 0.002372096 1 421.5682 0.09090909 0.25 0.002370178 0.389449872625
GO:2000391 positive regulation of neutrophil extravasation 0.0002856768 0.002856768 2 700.0919 0.2 3.666914e-06 0.00416776465416667 4 0.002372096 1 421.5682 0.09090909 0.25 0.002370178 0.389449872625
GO:0002246 wound healing involved in inflammatory response 0.0002909998 0.002909998 2 687.2857 0.2 3.80473e-06 0.00416776465416667 5 0.002965119 1 337.2545 0.09090909 0.2 0.002961924 0.411655461684211
GO:0060353 regulation of cell adhesion molecule production 0.0003071852 0.003071852 2 651.0731 0.2 4.239371e-06 0.00428665629192308 5 0.002965119 1 337.2545 0.09090909 0.2 0.002961924 0.411655461684211
GO:0010575 positive regulation of vascular endothelial growth factor production 0.003574184 0.03574184 3 83.93525 0.3 5.377198e-06 0.00504880483642857 27 0.01601164 3 187.3636 0.2727273 0.1111111 4.502942e-07 0.0055097490965
GO:0031649 heat generation 0.0004029907 0.004029907 2 496.2894 0.2 7.292376e-06 0.006390552168 8 0.004744191 2 421.5682 0.1818182 0.25 8.934907e-06 0.0195748920858333
GO:0010574 regulation of vascular endothelial growth factor production 0.00412324 0.0412324 3 72.75832 0.3 8.231653e-06 0.00659595609264706 33 0.01956979 3 153.2975 0.2727273 0.09090909 8.383034e-07 0.0055097490965
GO:0045410 positive regulation of interleukin-6 biosynthetic process 0.0004358947 0.004358947 2 458.8264 0.2 8.530335e-06 0.00659595609264706 8 0.004744191 1 210.7841 0.09090909 0.125 0.004735247 0.536593291508621
GO:0070487 monocyte aggregation 0.0004576816 0.004576816 2 436.985 0.2 9.40328e-06 0.00686700642222222 3 0.001779072 1 562.0909 0.09090909 0.3333333 0.001778113 0.356653082910448
GO:0060558 regulation of calcidiol 1-monooxygenase activity 0.0006116649 0.006116649 2 326.9764 0.2 1.67812e-05 0.01105933543 7 0.004151167 1 240.8961 0.09090909 0.1428571 0.004144458 0.50539360462963
GO:0032635 interleukin-6 production 0.0006124946 0.006124946 2 326.5335 0.2 1.682668e-05 0.01105933543 10 0.005930239 1 168.6273 0.09090909 0.1 0.00591587 0.612315835826772
GO:0002526 acute inflammatory response 0.005360944 0.05360944 3 55.96029 0.3 1.797493e-05 0.0112514502309524 70 0.04151167 3 72.26883 0.2727273 0.04285714 8.310494e-06 0.0195748920858333
GO:0071639 positive regulation of monocyte chemotactic protein-1 production 0.0006781063 0.006781063 2 294.939 0.2 2.061757e-05 0.012318998075 9 0.005337215 2 374.7273 0.1818182 0.2222222 1.148402e-05 0.0215653489857143
GO:0033129 positive regulation of histone phosphorylation 0.0007321745 0.007321745 2 273.1589 0.2 2.402956e-05 0.0137334159217391 8 0.004744191 1 210.7841 0.09090909 0.125 0.004735247 0.536593291508621
GO:0002673 regulation of acute inflammatory response 0.005998188 0.05998188 3 50.0151 0.3 2.509267e-05 0.0137434644645833 90 0.05337215 2 37.47273 0.1818182 0.02222222 0.001244549 0.348186672
GO:0060556 regulation of vitamin D biosynthetic process 0.000788038 0.00788038 2 253.7949 0.2 2.782797e-05 0.014631946626 9 0.005337215 1 187.3636 0.09090909 0.1111111 0.005325718 0.588290446302521
GO:0034116 positive regulation of heterotypic cell-cell adhesion 0.0008121515 0.008121515 2 246.2595 0.2 2.955326e-05 0.0149414462576923 12 0.007116287 1 140.5227 0.09090909 0.08333333 0.007095219 0.656738907692308
GO:0035234 ectopic germ cell programmed cell death 0.0008989392 0.008989392 2 222.4845 0.2 3.61902e-05 0.0176192658888889 8 0.004744191 2 421.5682 0.1818182 0.25 8.934907e-06 0.0195748920858333
GO:0002821 positive regulation of adaptive immune response 0.007081436 0.07081436 3 42.36429 0.3 4.105571e-05 0.0180993628234375 81 0.04803493 2 41.63636 0.1818182 0.02469136 0.001009763 0.337598225853659
GO:0030213 hyaluronan biosynthetic process 0.0009691956 0.009691956 2 206.3567 0.2 4.205236e-05 0.0180993628234375 7 0.004151167 1 240.8961 0.09090909 0.1428571 0.004144458 0.50539360462963
GO:1903140 regulation of establishment of endothelial barrier 0.000981717 0.00981717 2 203.7247 0.2 4.314308e-05 0.0180993628234375 12 0.007116287 1 140.5227 0.09090909 0.08333333 0.007095219 0.656738907692308
GO:0045080 positive regulation of chemokine biosynthetic process 0.0009871658 0.009871658 2 202.6002 0.2 4.362205e-05 0.0180993628234375 10 0.005930239 1 168.6273 0.09090909 0.1 0.00591587 0.612315835826772
GO:0045408 regulation of interleukin-6 biosynthetic process 0.0009921313 0.009921313 2 201.5862 0.2 4.406083e-05 0.0180993628234375 16 0.009488382 1 105.392 0.09090909 0.0625 0.009450102 0.709837661657143
GO:0045086 positive regulation of interleukin-2 biosynthetic process 0.001077589 0.01077589 2 185.5995 0.2 5.195444e-05 0.0191767585166667 12 0.007116287 2 281.0455 0.1818182 0.1666667 2.103361e-05 0.0307207559388889
GO:0031622 positive regulation of fever generation 0.001097362 0.01097362 2 182.2553 0.2 5.387292e-05 0.0191767585166667 7 0.004151167 1 240.8961 0.09090909 0.1428571 0.004144458 0.50539360462963
GO:0032611 interleukin-1 beta production 0.001105656 0.01105656 2 180.8881 0.2 5.46879e-05 0.0191767585166667 13 0.00770931 1 129.7133 0.09090909 0.07692308 0.007684416 0.677930525637584
GO:0032308 positive regulation of prostaglandin secretion 0.001109138 0.01109138 2 180.3202 0.2 5.50319e-05 0.0191767585166667 11 0.006523263 1 153.2975 0.09090909 0.09090909 0.006505703 0.629396704489051
GO:0032612 interleukin-1 production 0.001112841 0.01112841 2 179.7201 0.2 5.539893e-05 0.0191767585166667 14 0.008302334 1 120.4481 0.09090909 0.07142857 0.008273296 0.692690929426752
GO:0045073 regulation of chemokine biosynthetic process 0.001118096 0.01118096 2 178.8755 0.2 5.592179e-05 0.0191767585166667 13 0.00770931 1 129.7133 0.09090909 0.07692308 0.007684416 0.677930525637584
GO:0071637 regulation of monocyte chemotactic protein-1 production 0.001127819 0.01127819 2 177.3334 0.2 5.689567e-05 0.0191767585166667 15 0.008895358 2 224.8364 0.1818182 0.1333333 3.34301e-05 0.04394386645
GO:0010623 programmed cell death involved in cell development 0.00116863 0.0116863 2 171.1406 0.2 6.107444e-05 0.0197394361195122 11 0.006523263 2 306.595 0.1818182 0.1818182 1.753368e-05 0.02881002795
GO:0033127 regulation of histone phosphorylation 0.001173361 0.01173361 2 170.4505 0.2 6.156842e-05 0.0197394361195122 13 0.00770931 1 129.7133 0.09090909 0.07692308 0.007684416 0.677930525637584
GO:0031652 positive regulation of heat generation 0.001238575 0.01238575 2 161.4759 0.2 6.857854e-05 0.021463450197619 10 0.005930239 1 168.6273 0.09090909 0.1 0.00591587 0.612315835826772
GO:0051044 positive regulation of membrane protein ectodomain proteolysis 0.001273863 0.01273863 2 157.0028 0.2 7.252822e-05 0.0220909699633333 15 0.008895358 1 112.4182 0.09090909 0.06666667 0.008861858 0.697539661137725
GO:0045076 regulation of interleukin-2 biosynthetic process 0.001300001 0.01300001 2 153.846 0.2 7.552464e-05 0.0220909699633333 18 0.01067443 2 187.3636 0.1818182 0.1111111 4.866517e-05 0.05815487815
GO:0030656 regulation of vitamin metabolic process 0.00130087 0.0130087 2 153.7433 0.2 7.562523e-05 0.0220909699633333 12 0.007116287 1 140.5227 0.09090909 0.08333333 0.007095219 0.656738907692308
GO:0046827 positive regulation of protein export from nucleus 0.001334317 0.01334317 2 149.8894 0.2 7.954993e-05 0.0225171472712766 19 0.01126745 1 88.7512 0.09090909 0.05263158 0.01121293 0.784010451329787
GO:0070498 interleukin-1-mediated signaling pathway 0.001342375 0.01342375 2 148.9897 0.2 8.051015e-05 0.0225171472712766 16 0.009488382 1 105.392 0.09090909 0.0625 0.009450102 0.709837661657143
GO:0032305 positive regulation of icosanoid secretion 0.001409011 0.01409011 2 141.9435 0.2 8.867014e-05 0.02343737726 16 0.009488382 1 105.392 0.09090909 0.0625 0.009450102 0.709837661657143
GO:2000778 positive regulation of interleukin-6 secretion 0.001412296 0.01412296 2 141.6134 0.2 8.908254e-05 0.02343737726 23 0.01363955 1 73.31621 0.09090909 0.04347826 0.01355893 0.852785334210526
GO:0031620 regulation of fever generation 0.001412828 0.01412828 2 141.5601 0.2 8.91494e-05 0.02343737726 8 0.004744191 1 210.7841 0.09090909 0.125 0.004735247 0.536593291508621
GO:2000193 positive regulation of fatty acid transport 0.001431031 0.01431031 2 139.7594 0.2 9.145257e-05 0.0235714516205882 17 0.01008141 1 99.19251 0.09090909 0.05882353 0.01003803 0.738010970670391
GO:0002693 positive regulation of cellular extravasation 0.001472095 0.01472095 2 135.8608 0.2 9.675515e-05 0.0244585855144231 14 0.008302334 1 120.4481 0.09090909 0.07142857 0.008273296 0.692690929426752
GO:0042102 positive regulation of T cell proliferation 0.00962787 0.0962787 3 31.15954 0.3 0.0001018058 0.0252497592641509 96 0.05693029 2 35.13068 0.1818182 0.02083333 0.001414267 0.348186672
GO:0046688 response to copper ion 0.001572881 0.01572881 2 127.1552 0.2 0.0001103979 0.0266628878 28 0.01660467 1 60.22403 0.09090909 0.03571429 0.01648432 0.926010198290598
GO:0050729 positive regulation of inflammatory response 0.00993133 0.0993133 3 30.20743 0.3 0.0001115602 0.0266628878 109 0.0646396 2 30.94078 0.1818182 0.01834862 0.001817859 0.356653082910448
GO:0050995 negative regulation of lipid catabolic process 0.001596484 0.01596484 2 125.2753 0.2 0.0001137217 0.0266941383303571 22 0.01304653 1 76.64876 0.09090909 0.04545455 0.01297291 0.843380609852217
GO:0034114 regulation of heterotypic cell-cell adhesion 0.001672084 0.01672084 2 119.6112 0.2 0.0001246968 0.0284147759310345 20 0.01186048 1 84.31364 0.09090909 0.05 0.01179991 0.807863629947917
GO:1902624 positive regulation of neutrophil migration 0.001676646 0.01676646 2 119.2858 0.2 0.0001253752 0.0284147759310345 32 0.01897676 1 52.69602 0.09090909 0.03125 0.01881895 0.949835539846743
GO:0010893 positive regulation of steroid biosynthetic process 0.001810039 0.01810039 2 110.4948 0.2 0.0001460144 0.0325315133559322 14 0.008302334 1 120.4481 0.09090909 0.07142857 0.008273296 0.692690929426752
GO:0010829 negative regulation of glucose transport 0.001828555 0.01828555 2 109.376 0.2 0.0001490023 0.0326439205583333 16 0.009488382 1 105.392 0.09090909 0.0625 0.009450102 0.709837661657143
GO:0032725 positive regulation of granulocyte macrophage colony-stimulating factor production 0.00186373 0.0186373 2 107.3117 0.2 0.0001547609 0.0333497054180328 14 0.008302334 1 120.4481 0.09090909 0.07142857 0.008273296 0.692690929426752
GO:0032303 regulation of icosanoid secretion 0.001914639 0.01914639 2 104.4583 0.2 0.0001632869 0.0346194564596774 18 0.01067443 1 93.68182 0.09090909 0.05555556 0.01062564 0.759098031521739
GO:0032645 regulation of granulocyte macrophage colony-stimulating factor production 0.001938692 0.01938692 2 103.1624 0.2 0.0001673937 0.0349268283571429 16 0.009488382 1 105.392 0.09090909 0.0625 0.009450102 0.709837661657143
GO:0051043 regulation of membrane protein ectodomain proteolysis 0.002037834 0.02037834 2 98.1434 0.2 0.0001848544 0.03796736075 22 0.01304653 1 76.64876 0.09090909 0.04545455 0.01297291 0.843380609852217
GO:0019915 lipid storage 0.00207653 0.0207653 2 96.31453 0.2 0.0001919017 0.0385971926343284 28 0.01660467 1 60.22403 0.09090909 0.03571429 0.01648432 0.926010198290598
GO:0002819 regulation of adaptive immune response 0.01204034 0.1204034 3 24.91623 0.3 0.0001965944 0.0385971926343284 133 0.07887218 2 25.35748 0.1818182 0.01503759 0.002690068 0.411655461684211
GO:0030949 positive regulation of vascular endothelial growth factor receptor signaling pathway 0.002102636 0.02102636 2 95.11871 0.2 0.0001967297 0.0385971926343284 15 0.008895358 1 112.4182 0.09090909 0.06666667 0.008861858 0.697539661137725
GO:0031650 regulation of heat generation 0.002176304 0.02176304 2 91.89892 0.2 0.0002106737 0.0407250850955882 12 0.007116287 1 140.5227 0.09090909 0.08333333 0.007095219 0.656738907692308
GO:1902932 positive regulation of alcohol biosynthetic process 0.002213776 0.02213776 2 90.34336 0.2 0.0002179475 0.0415205780797101 21 0.0124535 1 80.2987 0.09090909 0.04761905 0.01238657 0.834859740561225
GO:0033198 response to ATP 0.002309625 0.02309625 2 86.59413 0.2 0.0002371076 0.0445254200285714 30 0.01779072 1 56.20909 0.09090909 0.03333333 0.01765226 0.943736477165354
GO:1902622 regulation of neutrophil migration 0.002331942 0.02331942 2 85.76544 0.2 0.0002416829 0.0447453763450704 37 0.02194188 1 45.57494 0.09090909 0.02702703 0.02173015 1
GO:0032770 positive regulation of monooxygenase activity 0.002354042 0.02354042 2 84.96027 0.2 0.0002462565 0.0449589123958333 24 0.01423257 1 70.26136 0.09090909 0.04166667 0.01414464 0.85289583853211
GO:0045940 positive regulation of steroid metabolic process 0.002414047 0.02414047 2 82.84842 0.2 0.000258888 0.0463178641081081 23 0.01363955 1 73.31621 0.09090909 0.04347826 0.01355893 0.852785334210526
GO:0001816 cytokine production 0.0132572 0.132572 3 22.62922 0.3 0.0002607472 0.0463178641081081 132 0.07827915 2 25.54959 0.1818182 0.01515152 0.002650473 0.411655461684211
GO:0006953 acute-phase response 0.002552759 0.02552759 2 78.34661 0.2 0.0002892801 0.05070115886 42 0.024907 2 80.2987 0.1818182 0.04761905 0.0002717425 0.198447509027778
GO:0042346 positive regulation of NF-kappaB import into nucleus 0.002615299 0.02615299 2 76.47309 0.2 0.0003035267 0.0518423464166667 27 0.01601164 1 62.45455 0.09090909 0.03703704 0.01589987 0.91268031069869
GO:0002711 positive regulation of T cell mediated immunity 0.002629765 0.02629765 2 76.05243 0.2 0.00030687 0.0518423464166667 31 0.01838374 1 54.39589 0.09090909 0.03225806 0.01823576 0.943736477165354
GO:0050691 regulation of defense response to virus by host 0.002633011 0.02633011 2 75.95865 0.2 0.0003076229 0.0518423464166667 37 0.02194188 1 45.57494 0.09090909 0.02702703 0.02173015 1
GO:0050996 positive regulation of lipid catabolic process 0.002685753 0.02685753 2 74.46702 0.2 0.0003199801 0.0532422584113924 27 0.01601164 1 62.45455 0.09090909 0.03703704 0.01589987 0.91268031069869
GO:0032757 positive regulation of interleukin-8 production 0.0027657 0.027657 2 72.31442 0.2 0.0003391689 0.0550677318209877 45 0.02668607 1 37.47273 0.09090909 0.02222222 0.02637174 1
GO:0031663 lipopolysaccharide-mediated signaling pathway 0.00276636 0.0276636 2 72.29717 0.2 0.0003393295 0.0550677318209877 31 0.01838374 1 54.39589 0.09090909 0.03225806 0.01823576 0.943736477165354
GO:0050671 positive regulation of lymphocyte proliferation 0.01482114 0.1482114 3 20.24135 0.3 0.0003613446 0.0579253020365854 131 0.07768613 2 25.74462 0.1818182 0.01526718 0.002611159 0.411655461684211
GO:0032946 positive regulation of mononuclear cell proliferation 0.01489477 0.1489477 3 20.1413 0.3 0.0003666135 0.0580618609337349 132 0.07827915 2 25.54959 0.1818182 0.01515152 0.002650473 0.411655461684211
GO:0042129 regulation of T cell proliferation 0.01512572 0.1512572 3 19.83377 0.3 0.0003834645 0.0600076291964286 150 0.08895358 2 22.48364 0.1818182 0.01333333 0.003405858 0.453483484417476
GO:0046825 regulation of protein export from nucleus 0.003058914 0.03058914 2 65.38268 0.2 0.0004142485 0.0624848620625 33 0.01956979 1 51.09917 0.09090909 0.03030303 0.01940182 0.966048954166667
GO:0070665 positive regulation of leukocyte proliferation 0.01554242 0.1554242 3 19.30201 0.3 0.0004151231 0.0624848620625 137 0.08124427 2 24.61712 0.1818182 0.01459854 0.002851248 0.411655461684211
GO:2000191 regulation of fatty acid transport 0.003067478 0.03067478 2 65.20015 0.2 0.0004165522 0.0624848620625 24 0.01423257 1 70.26136 0.09090909 0.04166667 0.01414464 0.85289583853211
GO:0002691 regulation of cellular extravasation 0.003073992 0.03073992 2 65.06198 0.2 0.0004183087 0.0624848620625 24 0.01423257 1 70.26136 0.09090909 0.04166667 0.01414464 0.85289583853211
GO:0032892 positive regulation of organic acid transport 0.003116244 0.03116244 2 64.17982 0.2 0.0004297903 0.0634785785786517 31 0.01838374 1 54.39589 0.09090909 0.03225806 0.01823576 0.943736477165354
GO:0097192 extrinsic apoptotic signaling pathway in absence of ligand 0.003189589 0.03189589 2 62.704 0.2 0.0004500836 0.0657372102444444 34 0.02016281 2 99.19251 0.1818182 0.05882353 0.0001775176 0.14584180325
GO:0030947 regulation of vascular endothelial growth factor receptor signaling pathway 0.003562437 0.03562437 2 56.14134 0.2 0.0005603434 0.080941912010989 26 0.01541862 1 64.85664 0.09090909 0.03846154 0.01531511 0.890783721017699
GO:1900745 positive regulation of p38MAPK cascade 0.003718971 0.03718971 2 53.77831 0.2 0.0006101588 0.086372953983871 20 0.01186048 1 84.31364 0.09090909 0.05 0.01179991 0.807863629947917
GO:2001240 negative regulation of extrinsic apoptotic signaling pathway in absence of ligand 0.003721815 0.03721815 2 53.73722 0.2 0.0006110829 0.086372953983871 34 0.02016281 2 99.19251 0.1818182 0.05882353 0.0001775176 0.14584180325
GO:0030212 hyaluronan metabolic process 0.00391885 0.0391885 2 51.03538 0.2 0.000676786 0.0927217712596154 32 0.01897676 1 52.69602 0.09090909 0.03125 0.01881895 0.949835539846743
GO:0046627 negative regulation of insulin receptor signaling pathway 0.003931875 0.03931875 2 50.86632 0.2 0.0006812448 0.0927217712596154 30 0.01779072 1 56.20909 0.09090909 0.03333333 0.01765226 0.943736477165354
GO:0035066 positive regulation of histone acetylation 0.00394752 0.0394752 2 50.66472 0.2 0.0006866198 0.0927217712596154 29 0.01719769 1 58.14734 0.09090909 0.03448276 0.01706845 0.943736477165354
GO:1900077 negative regulation of cellular response to insulin stimulus 0.003962677 0.03962677 2 50.47093 0.2 0.0006918467 0.0927217712596154 32 0.01897676 1 52.69602 0.09090909 0.03125 0.01881895 0.949835539846743
GO:0045429 positive regulation of nitric oxide biosynthetic process 0.003976481 0.03976481 2 50.29572 0.2 0.000696624 0.0927217712596154 41 0.02431398 1 41.1286 0.09090909 0.02439024 0.02405345 1
GO:0045601 regulation of endothelial cell differentiation 0.004003933 0.04003933 2 49.95089 0.2 0.0007061719 0.0927217712596154 31 0.01838374 1 54.39589 0.09090909 0.03225806 0.01823576 0.943736477165354
GO:0050999 regulation of nitric-oxide synthase activity 0.004024624 0.04024624 2 49.69408 0.2 0.0007134109 0.0927217712596154 44 0.02609305 1 38.32438 0.09090909 0.02272727 0.02579264 1
GO:1903793 positive regulation of anion transport 0.004074612 0.04074612 2 49.08442 0.2 0.0007310479 0.0927217712596154 44 0.02609305 1 38.32438 0.09090909 0.02272727 0.02579264 1
GO:0043491 protein kinase B signaling 0.004075129 0.04075129 2 49.0782 0.2 0.0007312313 0.0927217712596154 46 0.0272791 1 36.6581 0.09090909 0.02173913 0.02695053 1
GO:0050766 positive regulation of phagocytosis 0.004078109 0.04078109 2 49.04234 0.2 0.0007322893 0.0927217712596154 46 0.0272791 1 36.6581 0.09090909 0.02173913 0.02695053 1
GO:0043500 muscle adaptation 0.004081774 0.04081774 2 48.99831 0.2 0.0007335918 0.0927217712596154 31 0.01838374 1 54.39589 0.09090909 0.03225806 0.01823576 0.943736477165354
GO:0007566 embryo implantation 0.004137359 0.04137359 2 48.34001 0.2 0.0007534844 0.0943290708380952 41 0.02431398 1 41.1286 0.09090909 0.02439024 0.02405345 1
GO:0001659 temperature homeostasis 0.004219323 0.04219323 2 47.40097 0.2 0.0007832915 0.0971355355424528 30 0.01779072 2 112.4182 0.1818182 0.06666667 0.0001378256 0.129408393714286
GO:0032677 regulation of interleukin-8 production 0.004244244 0.04244244 2 47.12265 0.2 0.0007924662 0.0973548429813084 63 0.0373605 1 26.76623 0.09090909 0.01587302 0.03674221 1
GO:0045840 positive regulation of mitotic nuclear division 0.004378365 0.04378365 2 45.67916 0.2 0.0008427393 0.102572297208333 50 0.02965119 2 67.45091 0.1818182 0.04 0.000385626 0.23841057923913
GO:0051353 positive regulation of oxidoreductase activity 0.004504376 0.04504376 2 44.40127 0.2 0.0008913468 0.10733398168018 44 0.02609305 1 38.32438 0.09090909 0.02272727 0.02579264 1
GO:0042993 positive regulation of transcription factor import into nucleus 0.004531069 0.04531069 2 44.1397 0.2 0.0009018138 0.10733398168018 46 0.0272791 1 36.6581 0.09090909 0.02173913 0.02695053 1
GO:2000758 positive regulation of peptidyl-lysine acetylation 0.00454261 0.0454261 2 44.02756 0.2 0.0009063577 0.10733398168018 30 0.01779072 1 56.20909 0.09090909 0.03333333 0.01765226 0.943736477165354
GO:0050994 regulation of lipid catabolic process 0.004597921 0.04597921 2 43.49792 0.2 0.0009282901 0.108949762183036 56 0.03320934 1 30.11201 0.09090909 0.01785714 0.03272124 1
GO:0042345 regulation of NF-kappaB import into nucleus 0.004637229 0.04637229 2 43.12921 0.2 0.0009440317 0.109816784924779 48 0.02846515 1 35.13068 0.09090909 0.02083333 0.02810717 1
GO:0044060 regulation of endocrine process 0.004760313 0.04760313 2 42.01404 0.2 0.0009941582 0.11247314894958 44 0.02609305 1 38.32438 0.09090909 0.02272727 0.02579264 1
GO:0045428 regulation of nitric oxide biosynthetic process 0.004766734 0.04766734 2 41.95745 0.2 0.0009968077 0.11247314894958 54 0.03202329 1 31.22727 0.09090909 0.01851852 0.03156959 1
GO:1903428 positive regulation of reactive oxygen species biosynthetic process 0.004772533 0.04772533 2 41.90647 0.2 0.0009992035 0.11247314894958 50 0.02965119 1 33.72545 0.09090909 0.02 0.02926256 1
GO:0050870 positive regulation of T cell activation 0.02109846 0.2109846 3 14.21905 0.3 0.001008327 0.11247314894958 201 0.1191978 2 16.77883 0.1818182 0.009950249 0.006025726 0.614016808294574
GO:0002709 regulation of T cell mediated immunity 0.004814089 0.04814089 2 41.54473 0.2 0.001016455 0.11247314894958 54 0.03202329 1 31.22727 0.09090909 0.01851852 0.03156959 1
GO:1901985 positive regulation of protein acetylation 0.004818285 0.04818285 2 41.50854 0.2 0.001018205 0.11247314894958 34 0.02016281 1 49.59626 0.09090909 0.02941176 0.01998437 0.980837875092937
GO:0042108 positive regulation of cytokine biosynthetic process 0.004860539 0.04860539 2 41.1477 0.2 0.001035907 0.113474979291667 60 0.03558143 2 56.20909 0.1818182 0.03333333 0.0005553904 0.259843305516667
GO:0050714 positive regulation of protein secretion 0.02140723 0.2140723 3 14.01396 0.3 0.001051526 0.114233960909091 231 0.1369885 3 21.89965 0.2727273 0.01298701 0.0002921799 0.202142357131579
GO:0032370 positive regulation of lipid transport 0.004925266 0.04925266 2 40.60695 0.2 0.001063314 0.114567725655738 55 0.03261631 1 30.6595 0.09090909 0.01818182 0.03214557 1
GO:0032743 positive regulation of interleukin-2 production 0.005015559 0.05015559 2 39.87591 0.2 0.001102127 0.11721184483871 30 0.01779072 2 112.4182 0.1818182 0.06666667 0.0001378256 0.129408393714286
GO:0034605 cellular response to heat 0.005023766 0.05023766 2 39.81077 0.2 0.001105688 0.11721184483871 46 0.0272791 1 36.6581 0.09090909 0.02173913 0.02695053 1
GO:0032722 positive regulation of chemokine production 0.005139689 0.05139689 2 38.91286 0.2 0.001156589 0.121143589722222 51 0.03024422 2 66.12834 0.1818182 0.03921569 0.000401236 0.23841057923913
GO:1902930 regulation of alcohol biosynthetic process 0.005150087 0.05150087 2 38.8343 0.2 0.001161209 0.121143589722222 64 0.03795353 1 26.34801 0.09090909 0.015625 0.03731539 1
GO:0050670 regulation of lymphocyte proliferation 0.02221813 0.2221813 3 13.50249 0.3 0.001170561 0.121157672007874 201 0.1191978 2 16.77883 0.1818182 0.009950249 0.006025726 0.614016808294574
GO:0032944 regulation of mononuclear cell proliferation 0.02229175 0.2229175 3 13.45789 0.3 0.001181775 0.121362752929687 202 0.1197908 2 16.69577 0.1818182 0.00990099 0.006084015 0.615187516730769
GO:2001239 regulation of extrinsic apoptotic signaling pathway in absence of ligand 0.005300694 0.05300694 2 37.73091 0.2 0.00122913 0.124631658396947 46 0.0272791 2 73.31621 0.1818182 0.04347826 0.0003262366 0.21441900535
GO:0032768 regulation of monooxygenase activity 0.005317823 0.05317823 2 37.60938 0.2 0.001236973 0.124631658396947 55 0.03261631 1 30.6595 0.09090909 0.01818182 0.03214557 1
GO:0050764 regulation of phagocytosis 0.005328881 0.05328881 2 37.53133 0.2 0.00124205 0.124631658396947 68 0.04032562 1 24.79813 0.09090909 0.01470588 0.03960501 1
GO:1903039 positive regulation of leukocyte cell-cell adhesion 0.02283189 0.2283189 3 13.13952 0.3 0.001266147 0.12608713875 210 0.124535 2 16.05974 0.1818182 0.00952381 0.006559707 0.629396704489051
GO:0070663 regulation of leukocyte proliferation 0.02324502 0.2324502 3 12.90599 0.3 0.001333204 0.131766666015038 210 0.124535 2 16.05974 0.1818182 0.00952381 0.006559707 0.629396704489051
GO:0030593 neutrophil chemotaxis 0.005684381 0.05684381 2 35.18413 0.2 0.001410618 0.138377415 64 0.03795353 1 26.34801 0.09090909 0.015625 0.03731539 1
GO:0035065 regulation of histone acetylation 0.005749106 0.05749106 2 34.78801 0.2 0.001442427 0.140449651222222 53 0.03143027 1 31.81647 0.09090909 0.01886792 0.0309933 1
GO:0046626 regulation of insulin receptor signaling pathway 0.005863393 0.05863393 2 34.10994 0.2 0.00149943 0.144926524632353 49 0.02905817 1 34.41373 0.09090909 0.02040816 0.02868502 1
GO:1990266 neutrophil migration 0.006038091 0.06038091 2 33.12305 0.2 0.00158863 0.151682726847826 71 0.0421047 1 23.75032 0.09090909 0.01408451 0.04131898 1
GO:0071214 cellular response to abiotic stimulus 0.02472796 0.2472796 3 12.13201 0.3 0.001592409 0.151682726847826 274 0.1624885 2 12.30856 0.1818182 0.00729927 0.01095067 0.773906221236559
GO:1900744 regulation of p38MAPK cascade 0.006147859 0.06147859 2 32.53165 0.2 0.001645951 0.154543042107143 31 0.01838374 1 54.39589 0.09090909 0.03225806 0.01823576 0.943736477165354
GO:0032755 positive regulation of interleukin-6 production 0.006264717 0.06264717 2 31.92483 0.2 0.001708053 0.159236572234043 70 0.04151167 2 48.17922 0.1818182 0.02857143 0.0007553306 0.300873355666667
GO:0036179 osteoclast maturation 0.0001740546 0.001740546 1 574.5323 0.1 0.001739183 0.160996905176056 1 0.0005930239 1 1686.273 0.09090909 1 0.0005930239 0.259843305516667
GO:0002708 positive regulation of lymphocyte mediated immunity 0.006442669 0.06442669 2 31.04304 0.2 0.001804752 0.165001699652778 76 0.04506982 1 22.1878 0.09090909 0.01315789 0.04416942 1
GO:0046889 positive regulation of lipid biosynthetic process 0.006447748 0.06447748 2 31.01858 0.2 0.00180755 0.165001699652778 64 0.03795353 1 26.34801 0.09090909 0.015625 0.03731539 1
GO:0032642 regulation of chemokine production 0.006533133 0.06533133 2 30.61318 0.2 0.001854895 0.168155826034483 70 0.04151167 2 48.17922 0.1818182 0.02857143 0.0007553306 0.300873355666667
GO:1903426 regulation of reactive oxygen species biosynthetic process 0.006561967 0.06561967 2 30.47867 0.2 0.001871016 0.168455515890411 73 0.04329074 1 23.09963 0.09090909 0.01369863 0.04246009 1
GO:2000756 regulation of peptidyl-lysine acetylation 0.006588107 0.06588107 2 30.35773 0.2 0.00188569 0.168621735034014 57 0.03380236 1 29.58373 0.09090909 0.01754386 0.0332966 1
GO:0002824 positive regulation of adaptive immune response based on somatic recombination of immune receptors built from immunoglobulin superfamily domains 0.006616832 0.06616832 2 30.22594 0.2 0.001901878 0.168720662516779 77 0.04566284 1 21.89965 0.09090909 0.01298701 0.04473859 1
GO:0071621 granulocyte chemotaxis 0.00663556 0.0663556 2 30.14064 0.2 0.001912467 0.168720662516779 70 0.04151167 1 24.08961 0.09090909 0.01428571 0.04074797 1
GO:0032729 positive regulation of interferon-gamma production 0.006779743 0.06779743 2 29.49964 0.2 0.001994947 0.173531011176471 62 0.03676748 1 27.19795 0.09090909 0.01612903 0.03616871 1
GO:0035690 cellular response to drug 0.006813646 0.06813646 2 29.35286 0.2 0.002014584 0.173531011176471 66 0.03913958 1 25.54959 0.09090909 0.01515152 0.03846082 1
GO:0032890 regulation of organic acid transport 0.006821102 0.06821102 2 29.32077 0.2 0.002018915 0.173531011176471 51 0.03024422 1 33.06417 0.09090909 0.01960784 0.02983978 1
GO:1900076 regulation of cellular response to insulin stimulus 0.006822622 0.06822622 2 29.31424 0.2 0.002019798 0.173531011176471 66 0.03913958 1 25.54959 0.09090909 0.01515152 0.03846082 1
GO:0051785 positive regulation of nuclear division 0.006899057 0.06899057 2 28.98947 0.2 0.002064466 0.174997615480769 61 0.03617446 2 55.28763 0.1818182 0.03278689 0.0005740314 0.259843305516667
GO:1901983 regulation of protein acetylation 0.006913549 0.06913549 2 28.9287 0.2 0.002072988 0.174997615480769 64 0.03795353 1 26.34801 0.09090909 0.015625 0.03731539 1
GO:0050727 regulation of inflammatory response 0.02713212 0.2713212 3 11.05701 0.3 0.002076807 0.174997615480769 316 0.1873955 2 10.67261 0.1818182 0.006329114 0.01437558 0.862863009589041
GO:0045833 negative regulation of lipid metabolic process 0.00699741 0.0699741 2 28.582 0.2 0.002122634 0.177016976107595 77 0.04566284 1 21.89965 0.09090909 0.01298701 0.04473859 1
GO:0097530 granulocyte migration 0.007005923 0.07005923 2 28.54727 0.2 0.002127705 0.177016976107595 78 0.04625586 1 21.61888 0.09090909 0.01282051 0.04530744 1
GO:0010827 regulation of glucose transport 0.007093777 0.07093777 2 28.19373 0.2 0.002180379 0.180258377075472 73 0.04329074 1 23.09963 0.09090909 0.01369863 0.04246009 1
GO:0097187 dentinogenesis 0.0002232664 0.002232664 1 447.8955 0.1 0.002230422 0.1832431074375 3 0.001779072 1 562.0909 0.09090909 0.3333333 0.001778113 0.356653082910448
GO:0019076 viral release from host cell 0.0002256771 0.002256771 1 443.111 0.1 0.002254481 0.184069271708075 6 0.003558143 1 281.0455 0.09090909 0.1666667 0.003553351 0.453483484417476
GO:0022409 positive regulation of cell-cell adhesion 0.02833555 0.2833555 3 10.58741 0.3 0.00235051 0.189770897300614 240 0.1423257 2 14.05227 0.1818182 0.008333333 0.008490108 0.697539661137725
GO:0051251 positive regulation of lymphocyte activation 0.02834687 0.2834687 3 10.58318 0.3 0.002353188 0.189770897300614 262 0.1553723 2 12.87231 0.1818182 0.007633588 0.01004975 0.738010970670391
GO:0032103 positive regulation of response to external stimulus 0.02875482 0.2875482 3 10.43303 0.3 0.002450932 0.196448177682927 274 0.1624885 2 12.30856 0.1818182 0.00729927 0.01095067 0.773906221236559
GO:0046888 negative regulation of hormone secretion 0.007870005 0.07870005 2 25.41294 0.2 0.002672564 0.210040590505952 65 0.03854655 1 25.94266 0.09090909 0.01538462 0.03788826 1
GO:0032663 regulation of interleukin-2 production 0.00788783 0.0788783 2 25.35552 0.2 0.002684429 0.210040590505952 52 0.03083724 2 64.85664 0.1818182 0.03846154 0.0004171505 0.23841057923913
GO:0044057 regulation of system process 0.06596141 0.6596141 4 6.064152 0.4 0.002877196 0.222065363197674 503 0.298291 3 10.05729 0.2727273 0.005964215 0.002780152 0.411655461684211
GO:0043407 negative regulation of MAP kinase activity 0.0081998 0.081998 2 24.39084 0.2 0.002896145 0.222065363197674 72 0.04269772 1 23.42045 0.09090909 0.01388889 0.04188969 1
GO:0071260 cellular response to mechanical stimulus 0.008213598 0.08213598 2 24.34987 0.2 0.002905686 0.222065363197674 77 0.04566284 1 21.89965 0.09090909 0.01298701 0.04473859 1
GO:0050810 regulation of steroid biosynthetic process 0.008310446 0.08310446 2 24.0661 0.2 0.002973076 0.225902219768786 82 0.04862796 1 20.5643 0.09090909 0.01219512 0.04757978 1
GO:0002696 positive regulation of leukocyte activation 0.03115576 0.3115576 3 9.629037 0.3 0.003077994 0.232530063965517 293 0.173756 2 11.51039 0.1818182 0.006825939 0.01244827 0.834859740561225
GO:0050863 regulation of T cell activation 0.03140183 0.3140183 3 9.553582 0.3 0.003147378 0.236413050342857 308 0.1826514 2 10.94982 0.1818182 0.006493506 0.01369117 0.85289583853211
GO:0051341 regulation of oxidoreductase activity 0.008643 0.08643 2 23.14011 0.2 0.003210078 0.237685638646409 86 0.05100005 1 19.60782 0.09090909 0.01162791 0.0498472 1
GO:0031058 positive regulation of histone modification 0.00865256 0.0865256 2 23.11455 0.2 0.003217019 0.237685638646409 82 0.04862796 1 20.5643 0.09090909 0.01219512 0.04757978 1
GO:0097191 extrinsic apoptotic signaling pathway 0.008660814 0.08660814 2 23.09252 0.2 0.003223018 0.237685638646409 94 0.05574424 2 35.87814 0.1818182 0.0212766 0.001356527 0.348186672
GO:0010718 positive regulation of epithelial to mesenchymal transition 0.008699331 0.08699331 2 22.99027 0.2 0.00325108 0.237685638646409 44 0.02609305 1 38.32438 0.09090909 0.02272727 0.02579264 1
GO:0050867 positive regulation of cell activation 0.03183821 0.3183821 3 9.42264 0.3 0.003272811 0.237685638646409 303 0.1796862 2 11.13051 0.1818182 0.00660066 0.01327099 0.850961773414634
GO:0038154 interleukin-11-mediated signaling pathway 0.0003348305 0.003348305 1 298.6586 0.1 0.003343265 0.241468233104396 1 0.0005930239 1 1686.273 0.09090909 1 0.0005930239 0.259843305516667
GO:0035745 T-helper 2 cell cytokine production 0.000340943 0.00340943 1 293.3042 0.1 0.003404204 0.243236080163043 3 0.001779072 1 562.0909 0.09090909 0.3333333 0.001778113 0.356653082910448
GO:0031349 positive regulation of defense response 0.03237503 0.3237503 3 9.2664 0.3 0.003431344 0.243810902054054 395 0.2342444 2 8.53809 0.1818182 0.005063291 0.02190913 1
GO:0070106 interleukin-27-mediated signaling pathway 0.0003458085 0.003458085 1 289.1774 0.1 0.003452709 0.244009998951613 2 0.001186048 1 843.1364 0.09090909 0.5 0.001185728 0.348186672
GO:0051781 positive regulation of cell division 0.009090596 0.09090596 2 22.00076 0.2 0.003542695 0.247705988164894 84 0.04981401 2 40.14935 0.1818182 0.02380952 0.001085376 0.33952495627907
GO:0042035 regulation of cytokine biosynthetic process 0.009248452 0.09248452 2 21.62524 0.2 0.003663712 0.254812138835979 97 0.05752332 2 34.76851 0.1818182 0.02061856 0.001443574 0.348186672
GO:0032675 regulation of interleukin-6 production 0.009357831 0.09357831 2 21.37247 0.2 0.003748695 0.259350504078947 106 0.06286053 2 31.81647 0.1818182 0.01886792 0.001720389 0.356653082910448
GO:0001819 positive regulation of cytokine production 0.03394823 0.3394823 3 8.836986 0.3 0.003923245 0.267207541580311 384 0.2277212 3 13.17401 0.2727273 0.0078125 0.0012836 0.348186672
GO:0006954 inflammatory response 0.03414088 0.3414088 3 8.78712 0.3 0.003986323 0.268719055564103 461 0.273384 3 10.97358 0.2727273 0.006507592 0.002168661 0.389449872625
GO:1903037 regulation of leukocyte cell-cell adhesion 0.03425049 0.3425049 3 8.758998 0.3 0.004022491 0.269773694872449 323 0.1915467 2 10.44132 0.1818182 0.00619195 0.01498659 0.890783721017699
GO:0071895 odontoblast differentiation 0.000420864 0.00420864 1 237.6064 0.1 0.004200679 0.277236617139303 3 0.001779072 1 562.0909 0.09090909 0.3333333 0.001778113 0.356653082910448
GO:1903532 positive regulation of secretion by cell 0.03483824 0.3483824 3 8.611227 0.3 0.004219906 0.277236617139303 350 0.2075584 3 14.45377 0.2727273 0.008571429 0.0009820271 0.337598225853659
GO:0050715 positive regulation of cytokine secretion 0.0100045 0.100045 2 19.99099 0.2 0.004269942 0.27786330490099 113 0.0670117 2 29.84553 0.1818182 0.01769912 0.00195184 0.377307894117647
GO:0071492 cellular response to UV-A 0.0004707377 0.004707377 1 212.4325 0.1 0.004697418 0.302684115735294 3 0.001779072 1 562.0909 0.09090909 0.3333333 0.001778113 0.356653082910448
GO:0002573 myeloid leukocyte differentiation 0.01072275 0.1072275 2 18.65194 0.2 0.004886275 0.311796528519417 95 0.05633727 2 35.50048 0.1818182 0.02105263 0.001385251 0.348186672
GO:0050805 negative regulation of synaptic transmission 0.01090332 0.1090332 2 18.34303 0.2 0.005047371 0.317794526315789 64 0.03795353 1 26.34801 0.09090909 0.015625 0.03731539 1
GO:0051047 positive regulation of secretion 0.03714621 0.3714621 3 8.076194 0.3 0.0050528 0.317794526315789 381 0.2259421 3 13.27774 0.2727273 0.007874016 0.001254899 0.348186672
GO:0090287 regulation of cellular response to growth factor stimulus 0.03725741 0.3725741 3 8.05209 0.3 0.005095287 0.318940702928571 242 0.1435118 2 13.93614 0.1818182 0.008264463 0.008626915 0.697539661137725
GO:0019221 cytokine-mediated signaling pathway 0.03851653 0.3851653 3 7.788864 0.3 0.005591825 0.346719526533019 543 0.322012 4 12.4219 0.3636364 0.007366483 0.000203446 0.157311627647059
GO:0045669 positive regulation of osteoblast differentiation 0.01158106 0.1158106 2 17.26957 0.2 0.005673789 0.346892820488372 57 0.03380236 2 59.16746 0.1818182 0.03508772 0.000501279 0.259843305516667
GO:2001237 negative regulation of extrinsic apoptotic signaling pathway 0.01169391 0.1169391 2 17.10292 0.2 0.005781418 0.351836757453704 101 0.05989541 2 33.39154 0.1818182 0.01980198 0.001563707 0.354395319224138
GO:0000165 MAPK cascade 0.03954762 0.3954762 3 7.585791 0.3 0.0060198 0.361325438356164 368 0.2182328 2 9.164526 0.1818182 0.005434783 0.01917952 0.962270192366412
GO:0048861 leukemia inhibitory factor signaling pathway 0.0006124006 0.006124006 1 163.2918 0.1 0.006107157 0.36490263075 4 0.002372096 1 421.5682 0.09090909 0.25 0.002370178 0.389449872625
GO:0038165 oncostatin-M-mediated signaling pathway 0.0006321644 0.006321644 1 158.1867 0.1 0.006303691 0.374941258800905 4 0.002372096 1 421.5682 0.09090909 0.25 0.002370178 0.389449872625
GO:0043031 negative regulation of macrophage activation 0.0006759912 0.006759912 1 147.9309 0.1 0.006739386 0.39308662590708 10 0.005930239 1 168.6273 0.09090909 0.1 0.00591587 0.612315835826772
GO:0070120 ciliary neurotrophic factor-mediated signaling pathway 0.0006778921 0.006778921 1 147.5161 0.1 0.006758279 0.39308662590708 5 0.002965119 1 337.2545 0.09090909 0.2 0.002961924 0.411655461684211
GO:0006388 tRNA splicing, via endonucleolytic cleavage and ligation 0.0006972207 0.006972207 1 143.4266 0.1 0.006950373 0.402478647951542 15 0.008895358 1 112.4182 0.09090909 0.06666667 0.008861858 0.697539661137725
GO:0051249 regulation of lymphocyte activation 0.0422404 0.422404 3 7.102206 0.3 0.007230279 0.411437305 400 0.2372096 2 8.431364 0.1818182 0.005 0.02243171 1
GO:0010717 regulation of epithelial to mesenchymal transition 0.01348089 0.1348089 2 14.83582 0.2 0.007610423 0.425697916319149 79 0.04684889 1 21.34522 0.09090909 0.01265823 0.04587599 1
GO:0000394 RNA splicing, via endonucleolytic cleavage and ligation 0.0007799066 0.007799066 1 128.2205 0.1 0.007771751 0.432879944470339 16 0.009488382 1 105.392 0.09090909 0.0625 0.009450102 0.709837661657143
GO:0006915 apoptotic process 0.0871378 0.871378 4 4.59043 0.4 0.007876084 0.436355888145833 913 0.5414308 4 7.387832 0.3636364 0.004381161 0.001456848 0.348186672
GO:0007088 regulation of mitotic nuclear division 0.01379955 0.1379955 2 14.49323 0.2 0.00796091 0.436355888145833 166 0.09844196 2 20.31654 0.1818182 0.01204819 0.00415234 0.50539360462963
GO:0023014 signal transduction by protein phosphorylation 0.04486247 0.4486247 3 6.687103 0.3 0.008541384 0.458271398693878 408 0.2419537 2 8.266043 0.1818182 0.004901961 0.0232788 1
GO:0034389 lipid particle organization 0.0008635961 0.008635961 1 115.7949 0.1 0.008602477 0.459673008800813 19 0.01126745 1 88.7512 0.09090909 0.05263158 0.01121293 0.784010451329787
GO:0050708 regulation of protein secretion 0.04510715 0.4510715 3 6.65083 0.3 0.008670535 0.461433937550607 411 0.2437328 3 12.30856 0.2727273 0.00729927 0.001560844 0.354395319224138
GO:0051222 positive regulation of protein transport 0.04542391 0.4542391 3 6.604451 0.3 0.008839481 0.46653876456 475 0.2816863 3 10.65014 0.2727273 0.006315789 0.002361929 0.389449872625
GO:0051302 regulation of cell division 0.01458381 0.1458381 2 13.71384 0.2 0.008854354 0.46653876456 140 0.08302334 2 24.08961 0.1818182 0.01428571 0.002975068 0.411655461684211
GO:0022407 regulation of cell-cell adhesion 0.04548619 0.4548619 3 6.595408 0.3 0.008872932 0.46653876456 398 0.2360235 2 8.473732 0.1818182 0.005025126 0.02222204 1
GO:0070141 response to UV-A 0.0009118754 0.009118754 1 109.6641 0.1 0.009081427 0.471839359347826 6 0.003558143 1 281.0455 0.09090909 0.1666667 0.003553351 0.453483484417476
GO:0045785 positive regulation of cell adhesion 0.04602415 0.4602415 3 6.518318 0.3 0.009165043 0.472766781019608 377 0.22357 2 8.945744 0.1818182 0.00530504 0.02007192 0.980837875092937
GO:0035743 CD4-positive, alpha-beta T cell cytokine production 0.0009303433 0.009303433 1 107.4872 0.1 0.00926458 0.475714469140625 9 0.005337215 1 187.3636 0.09090909 0.1111111 0.005325718 0.588290446302521
GO:0050778 positive regulation of immune response 0.04636636 0.4636636 3 6.470209 0.3 0.009353844 0.478309152984496 591 0.3504771 2 5.706507 0.1818182 0.003384095 0.04607382 1
GO:0002065 columnar/cuboidal epithelial cell differentiation 0.01514919 0.1514919 2 13.20202 0.2 0.009525392 0.482272871875 93 0.05515122 2 36.26393 0.1818182 0.02150538 0.001328094 0.348186672
GO:0045931 positive regulation of mitotic cell cycle 0.01519078 0.1519078 2 13.16588 0.2 0.00957563 0.482272871875 137 0.08124427 2 24.61712 0.1818182 0.01459854 0.002851248 0.411655461684211
GO:0012501 programmed cell death 0.09219385 0.9219385 4 4.338684 0.4 0.009619233 0.482272871875 1041 0.6173379 4 6.479434 0.3636364 0.003842459 0.002367918 0.389449872625
GO:0045766 positive regulation of angiogenesis 0.01528163 0.1528163 2 13.08761 0.2 0.009685815 0.482272871875 134 0.0794652 2 25.16825 0.1818182 0.01492537 0.002729943 0.411655461684211
GO:0002694 regulation of leukocyte activation 0.04798311 0.4798311 3 6.252201 0.3 0.01027742 0.505980097003745 462 0.273977 3 10.94982 0.2727273 0.006493506 0.002182123 0.389449872625
GO:0050707 regulation of cytokine secretion 0.01605171 0.1605171 2 12.45973 0.2 0.01064275 0.518059486715867 168 0.09962801 2 20.07468 0.1818182 0.01190476 0.004250555 0.512601334633027
GO:0045778 positive regulation of ossification 0.01607945 0.1607945 2 12.43824 0.2 0.01067798 0.518059486715867 82 0.04862796 2 41.1286 0.1818182 0.02439024 0.001034672 0.337598225853659
GO:1904951 positive regulation of establishment of protein localization 0.04866119 0.4866119 3 6.165078 0.3 0.01068042 0.518059486715867 510 0.3024422 3 9.919251 0.2727273 0.005882353 0.002891457 0.411655461684211
GO:0002438 acute inflammatory response to antigenic stimulus 0.001127684 0.01127684 1 88.67732 0.1 0.01121979 0.536305962 8 0.004744191 1 210.7841 0.09090909 0.125 0.004735247 0.536593291508621
GO:0002369 T cell cytokine production 0.001134578 0.01134578 1 88.13852 0.1 0.01128803 0.53761287807971 12 0.007116287 1 140.5227 0.09090909 0.08333333 0.007095219 0.656738907692308
GO:0008219 cell death 0.09670126 0.9670126 4 4.136451 0.4 0.01137864 0.538029578417266 1076 0.6380937 4 6.268672 0.3636364 0.003717472 0.002673908 0.411655461684211
GO:2001236 regulation of extrinsic apoptotic signaling pathway 0.01666472 0.1666472 2 12.0014 0.2 0.01143368 0.538694349820788 152 0.09013963 2 22.1878 0.1818182 0.01315789 0.003495333 0.453483484417476
GO:0036035 osteoclast development 0.001169903 0.01169903 1 85.47715 0.1 0.01163763 0.546345165535714 6 0.003558143 1 281.0455 0.09090909 0.1666667 0.003553351 0.453483484417476
GO:0042092 type 2 immune response 0.00119783 0.0119783 1 83.4843 0.1 0.01191394 0.557326481494662 11 0.006523263 1 153.2975 0.09090909 0.09090909 0.006505703 0.629396704489051
GO:0051783 regulation of nuclear division 0.01707316 0.1707316 2 11.71429 0.2 0.01197487 0.558190305496454 190 0.1126745 2 17.75024 0.1818182 0.01052632 0.005401871 0.591729952458333
GO:0050865 regulation of cell activation 0.05140027 0.5140027 3 5.836545 0.3 0.01240381 0.574112966373239 498 0.2953259 3 10.15827 0.2727273 0.006024096 0.002702318 0.411655461684211
GO:0001817 regulation of cytokine production 0.05190105 0.5190105 3 5.78023 0.3 0.01273561 0.585348228846154 605 0.3587794 3 8.361683 0.2727273 0.004958678 0.004683499 0.536593291508621
GO:1904018 positive regulation of vasculature development 0.01778411 0.1778411 2 11.246 0.2 0.01294369 0.592839041986063 151 0.08954661 2 22.33474 0.1818182 0.01324503 0.003450457 0.453483484417476
GO:0045667 regulation of osteoblast differentiation 0.01825987 0.1825987 2 10.95298 0.2 0.01361088 0.616948336551724 109 0.0646396 2 30.94078 0.1818182 0.01834862 0.001817859 0.356653082910448
GO:0006468 protein phosphorylation 0.102785 1.02785 4 3.891619 0.4 0.01407921 0.635983558247423 949 0.5627797 3 5.330683 0.2727273 0.003161222 0.01617249 0.924292961086957
GO:0030099 myeloid cell differentiation 0.01890859 0.1890859 2 10.5772 0.2 0.01454469 0.65030595255102 191 0.1132676 2 17.65731 0.1818182 0.0104712 0.005457268 0.592857750909091
GO:0070102 interleukin-6-mediated signaling pathway 0.001479955 0.01479955 1 67.56962 0.1 0.01470138 0.655083525762712 8 0.004744191 1 210.7841 0.09090909 0.125 0.004735247 0.536593291508621
GO:0034356 NAD biosynthesis via nicotinamide riboside salvage pathway 0.001579462 0.01579462 1 63.31272 0.1 0.01568283 0.691781209228188 15 0.008895358 1 112.4182 0.09090909 0.06666667 0.008861858 0.697539661137725
GO:0010459 negative regulation of heart rate 0.001598236 0.01598236 1 62.56899 0.1 0.0158679 0.697503057166667 11 0.006523263 1 153.2975 0.09090909 0.09090909 0.006505703 0.629396704489051
GO:2001234 negative regulation of apoptotic signaling pathway 0.02004383 0.2004383 2 9.978132 0.2 0.01624483 0.703439806065574 208 0.123349 2 16.21416 0.1818182 0.009615385 0.006439224 0.629396704489051
GO:1902074 response to salt 0.001644287 0.01644287 1 60.81665 0.1 0.01632173 0.703439806065574 15 0.008895358 1 112.4182 0.09090909 0.06666667 0.008861858 0.697539661137725
GO:0048711 positive regulation of astrocyte differentiation 0.001681452 0.01681452 1 59.4724 0.1 0.01668786 0.714533940390879 10 0.005930239 1 168.6273 0.09090909 0.1 0.00591587 0.612315835826772
GO:0030225 macrophage differentiation 0.00199931 0.0199931 1 50.01726 0.1 0.01981418 0.826848876507936 21 0.0124535 1 80.2987 0.09090909 0.04761905 0.01238657 0.834859740561225
GO:0002367 cytokine production involved in immune response 0.002025211 0.02025211 1 49.37757 0.1 0.02006854 0.834813159177215 23 0.01363955 1 73.31621 0.09090909 0.04347826 0.01355893 0.852785334210526
GO:0030224 monocyte differentiation 0.002241942 0.02241942 1 44.60419 0.1 0.02219458 0.903243820743034 16 0.009488382 1 105.392 0.09090909 0.0625 0.009450102 0.709837661657143
GO:0070166 enamel mineralization 0.002313688 0.02313688 1 43.22103 0.1 0.02289747 0.926114594307692 11 0.006523263 1 153.2975 0.09090909 0.09090909 0.006505703 0.629396704489051
GO:0090068 positive regulation of cell cycle process 0.02435078 0.2435078 2 8.21329 0.2 0.02343094 0.944784375153374 259 0.1535932 2 13.02141 0.1818182 0.007722008 0.009830018 0.730031562768362
GO:0009435 NAD biosynthetic process 0.002492966 0.02492966 1 40.11287 0.1 0.02465184 0.987952551219512 26 0.01541862 1 64.85664 0.09090909 0.03846154 0.01531511 0.890783721017699
GO:0006796 phosphate-containing compound metabolic process 0.1881116 1.881116 5 2.657996 0.5 0.0255664 1 2051 1.216292 4 3.288684 0.3636364 0.001950268 0.02597515 1
GO:0016310 phosphorylation 0.1227758 1.227758 4 3.257972 0.4 0.02585744 1 1251 0.7418729 3 4.043819 0.2727273 0.002398082 0.03355138 1
GO:0034505 tooth mineralization 0.002651844 0.02651844 1 37.70961 0.1 0.02620422 1 14 0.008302334 1 120.4481 0.09090909 0.07142857 0.008273296 0.692690929426752
GO:0045597 positive regulation of cell differentiation 0.1238388 1.238388 4 3.230005 0.4 0.02661757 1 868 0.5147447 3 5.828132 0.2727273 0.003456221 0.01270578 0.843380609852217
GO:0071345 cellular response to cytokine stimulus 0.06881174 0.6881174 3 4.359721 0.3 0.02709669 1 805 0.4773842 4 8.378995 0.3636364 0.004968944 0.0009096815 0.337598225853659
GO:0019359 nicotinamide nucleotide biosynthetic process 0.002767483 0.02767483 1 36.13392 0.1 0.02733271 1 30 0.01779072 1 56.20909 0.09090909 0.03333333 0.01765226 0.943736477165354
GO:0097190 apoptotic signaling pathway 0.02683809 0.2683809 2 7.452094 0.2 0.0280865 1 297 0.1761281 2 11.35537 0.1818182 0.006734007 0.01277453 0.843380609852217
GO:0000413 protein peptidyl-prolyl isomerization 0.00292018 0.0292018 1 34.24447 0.1 0.02882104 1 39 0.02312793 1 43.23776 0.09090909 0.02564103 0.02289243 1
GO:0002437 inflammatory response to antigenic stimulus 0.002938024 0.02938024 1 34.03648 0.1 0.02899483 1 22 0.01304653 1 76.64876 0.09090909 0.04545455 0.01297291 0.843380609852217
GO:0045765 regulation of angiogenesis 0.02753533 0.2753533 2 7.263394 0.2 0.0294549 1 234 0.1387676 2 14.41259 0.1818182 0.008547009 0.008085722 0.692690929426752
GO:0006793 phosphorus metabolic process 0.1951987 1.951987 5 2.561493 0.5 0.02972543 1 2142 1.270257 4 3.148969 0.3636364 0.001867414 0.03001115 1
GO:0098751 bone cell development 0.003088678 0.03088678 1 32.37631 0.1 0.030461 1 22 0.01304653 1 76.64876 0.09090909 0.04545455 0.01297291 0.843380609852217
GO:1903530 regulation of secretion by cell 0.07203658 0.7203658 3 4.164551 0.3 0.03055013 1 654 0.3878376 3 7.735196 0.2727273 0.004587156 0.005824036 0.612315835826772
GO:0097186 amelogenesis 0.003104326 0.03104326 1 32.21311 0.1 0.03061317 1 20 0.01186048 1 84.31364 0.09090909 0.05 0.01179991 0.807863629947917
GO:0071871 response to epinephrine 0.003116798 0.03116798 1 32.08421 0.1 0.03073444 1 16 0.009488382 1 105.392 0.09090909 0.0625 0.009450102 0.709837661657143
GO:0045070 positive regulation of viral genome replication 0.003228491 0.03228491 1 30.97423 0.1 0.03181988 1 34 0.02016281 1 49.59626 0.09090909 0.02941176 0.01998437 0.980837875092937
GO:0072525 pyridine-containing compound biosynthetic process 0.003267108 0.03267108 1 30.60811 0.1 0.03219492 1 34 0.02016281 1 49.59626 0.09090909 0.02941176 0.01998437 0.980837875092937
GO:0030278 regulation of ossification 0.02920644 0.2920644 2 6.847804 0.2 0.0328441 1 180 0.1067443 2 18.73636 0.1818182 0.01111111 0.004862497 0.546303615940171
GO:0048871 multicellular organismal homeostasis 0.02925327 0.2925327 2 6.836844 0.2 0.03294126 1 284 0.1684188 2 11.87516 0.1818182 0.007042254 0.0117281 0.807863629947917
GO:0061077 chaperone-mediated protein folding 0.003347071 0.03347071 1 29.87687 0.1 0.03297105 1 64 0.03795353 1 26.34801 0.09090909 0.015625 0.03731539 1
GO:0045822 negative regulation of heart contraction 0.003393667 0.03393667 1 29.46665 0.1 0.03342306 1 23 0.01363955 1 73.31621 0.09090909 0.04347826 0.01355893 0.852785334210526
GO:0002456 T cell mediated immunity 0.00359627 0.0359627 1 27.80659 0.1 0.03538626 1 31 0.01838374 1 54.39589 0.09090909 0.03225806 0.01823576 0.943736477165354
GO:0002684 positive regulation of immune system process 0.07653838 0.7653838 3 3.919602 0.3 0.03576033 1 892 0.5289773 3 5.671321 0.2727273 0.003363229 0.01368183 0.85289583853211
GO:0071354 cellular response to interleukin-6 0.003657169 0.03657169 1 27.34355 0.1 0.03597565 1 24 0.01423257 1 70.26136 0.09090909 0.04166667 0.01414464 0.85289583853211
GO:0051223 regulation of protein transport 0.07744366 0.7744366 3 3.873784 0.3 0.03686291 1 759 0.4501051 3 6.66511 0.2727273 0.003952569 0.008800817 0.697539661137725
GO:0051046 regulation of secretion 0.07747233 0.7747233 3 3.87235 0.3 0.03689813 1 713 0.422826 3 7.095117 0.2727273 0.004207574 0.007404863 0.671289131965517
GO:0090502 RNA phosphodiester bond hydrolysis, endonucleolytic 0.003758623 0.03758623 1 26.60549 0.1 0.03695683 1 70 0.04151167 1 24.08961 0.09090909 0.01428571 0.04074797 1
GO:0034097 response to cytokine 0.07759812 0.7759812 3 3.866073 0.3 0.03705286 1 899 0.5331285 4 7.502882 0.3636364 0.004449388 0.001375357 0.348186672
GO:1901342 regulation of vasculature development 0.03178466 0.3178466 2 6.292343 0.2 0.03836665 1 258 0.1530002 2 13.07188 0.1818182 0.007751938 0.009757266 0.728745804375
GO:0006952 defense response 0.07888678 0.7888678 3 3.802918 0.3 0.03865848 1 1165 0.6908728 3 4.342333 0.2727273 0.002575107 0.02787494 1
GO:0002931 response to ischemia 0.003982177 0.03982177 1 25.11189 0.1 0.0391157 1 36 0.02134886 1 46.84091 0.09090909 0.02777778 0.02114854 1
GO:0010613 positive regulation of cardiac muscle hypertrophy 0.004044465 0.04044465 1 24.72515 0.1 0.03971643 1 24 0.01423257 1 70.26136 0.09090909 0.04166667 0.01414464 0.85289583853211
GO:0043030 regulation of macrophage activation 0.004107251 0.04107251 1 24.34719 0.1 0.04032163 1 38 0.02253491 1 44.3756 0.09090909 0.02631579 0.02231145 1
GO:0018208 peptidyl-proline modification 0.004108615 0.04108615 1 24.3391 0.1 0.04033478 1 53 0.03143027 1 31.81647 0.09090909 0.01886792 0.0309933 1
GO:0035722 interleukin-12-mediated signaling pathway 0.0041142 0.041142 1 24.30606 0.1 0.0403886 1 57 0.03380236 1 29.58373 0.09090909 0.01754386 0.0332966 1
GO:0070741 response to interleukin-6 0.004269044 0.04269044 1 23.42445 0.1 0.04187959 1 28 0.01660467 1 60.22403 0.09090909 0.03571429 0.01648432 0.926010198290598
GO:0002521 leukocyte differentiation 0.03340838 0.3340838 2 5.986521 0.2 0.04202062 1 302 0.1790932 2 11.16737 0.1818182 0.006622517 0.01318766 0.849763679901961
GO:2001233 regulation of apoptotic signaling pathway 0.03350512 0.3350512 2 5.969236 0.2 0.0422425 1 377 0.22357 2 8.945744 0.1818182 0.00530504 0.02007192 0.980837875092937
GO:0070201 regulation of establishment of protein localization 0.08177825 0.8177825 3 3.668457 0.3 0.04239628 1 802 0.4756052 3 6.307753 0.2727273 0.003740648 0.01023939 0.743628627348066
GO:0005977 glycogen metabolic process 0.004324733 0.04324733 1 23.12281 0.1 0.04241532 1 51 0.03024422 1 33.06417 0.09090909 0.01960784 0.02983978 1
GO:0042981 regulation of apoptotic process 0.142586 1.42586 4 2.805324 0.4 0.04242085 1 1472 0.8729312 5 5.727829 0.4545455 0.003396739 0.0009617789 0.337598225853659
GO:0030316 osteoclast differentiation 0.004344955 0.04344955 1 23.0152 0.1 0.04260978 1 32 0.01897676 1 52.69602 0.09090909 0.03125 0.01881895 0.949835539846743
GO:0006073 cellular glucan metabolic process 0.004369459 0.04369459 1 22.88613 0.1 0.04284537 1 52 0.03083724 1 32.42832 0.09090909 0.01923077 0.0304167 1
GO:0043067 regulation of programmed cell death 0.1441386 1.441386 4 2.775106 0.4 0.04393939 1 1486 0.8812335 5 5.673865 0.4545455 0.003364738 0.001004435 0.337598225853659
GO:0070671 response to interleukin-12 0.004512539 0.04512539 1 22.16047 0.1 0.04422 1 58 0.03439539 1 29.07367 0.09090909 0.01724138 0.03387164 1
GO:1903523 negative regulation of blood circulation 0.004668668 0.04668668 1 21.41938 0.1 0.04571795 1 31 0.01838374 1 54.39589 0.09090909 0.03225806 0.01823576 0.943736477165354
GO:0045787 positive regulation of cell cycle 0.03542827 0.3542827 2 5.64521 0.2 0.04674821 1 357 0.2117095 2 9.446906 0.1818182 0.005602241 0.01811286 0.943736477165354
GO:0045776 negative regulation of blood pressure 0.004867653 0.04867653 1 20.54378 0.1 0.04762402 1 45 0.02668607 1 37.47273 0.09090909 0.02222222 0.02637174 1
GO:0048710 regulation of astrocyte differentiation 0.004876332 0.04876332 1 20.50722 0.1 0.04770708 1 24 0.01423257 1 70.26136 0.09090909 0.04166667 0.01414464 0.85289583853211
GO:0043066 negative regulation of apoptotic process 0.08631739 0.8631739 3 3.475545 0.3 0.04863978 1 837 0.496361 4 8.058651 0.3636364 0.004778973 0.001052988 0.337598225853659
GO:0045687 positive regulation of glial cell differentiation 0.005016421 0.05016421 1 19.93453 0.1 0.04904682 1 33 0.01956979 1 51.09917 0.09090909 0.03030303 0.01940182 0.966048954166667
GO:0019674 NAD metabolic process 0.005080109 0.05080109 1 19.68462 0.1 0.04965534 1 67 0.0397326 1 25.16825 0.09090909 0.01492537 0.03903307 1
GO:0007259 JAK-STAT cascade 0.00513494 0.0513494 1 19.47443 0.1 0.05017896 1 47 0.02787212 1 35.87814 0.09090909 0.0212766 0.027529 1
GO:0043069 negative regulation of programmed cell death 0.087538 0.87538 3 3.427083 0.3 0.05039661 1 849 0.5034773 4 7.944748 0.3636364 0.004711425 0.001110656 0.33952495627907
GO:0061515 myeloid cell development 0.00519003 0.0519003 1 19.26771 0.1 0.05070479 1 49 0.02905817 1 34.41373 0.09090909 0.02040816 0.02868502 1
GO:0071869 response to catecholamine 0.005203421 0.05203421 1 19.21813 0.1 0.05083256 1 37 0.02194188 1 45.57494 0.09090909 0.02702703 0.02173015 1
GO:0010941 regulation of cell death 0.1563783 1.563783 4 2.5579 0.4 0.05707211 1 1601 0.9494312 5 5.266311 0.4545455 0.003123048 0.00141155 0.348186672
GO:0045069 regulation of viral genome replication 0.006069306 0.06069306 1 16.47635 0.1 0.05906196 1 83 0.04922098 1 20.31654 0.09090909 0.01204819 0.04814709 1
GO:0002440 production of molecular mediator of immune response 0.00607808 0.0607808 1 16.45256 0.1 0.05914502 1 69 0.04091865 1 24.43874 0.09090909 0.01449275 0.04017665 1
GO:0042531 positive regulation of tyrosine phosphorylation of STAT protein 0.006078424 0.06078424 1 16.45163 0.1 0.05914828 1 60 0.03558143 2 56.20909 0.1818182 0.03333333 0.0005553904 0.259843305516667
GO:0034644 cellular response to UV 0.006266455 0.06266455 1 15.95799 0.1 0.06092667 1 74 0.04388377 1 22.78747 0.09090909 0.01351351 0.04303017 1
GO:0014015 positive regulation of gliogenesis 0.006423771 0.06423771 1 15.56718 0.1 0.06241225 1 50 0.02965119 1 33.72545 0.09090909 0.02 0.02926256 1
GO:0051050 positive regulation of transport 0.0955203 0.955203 3 3.140694 0.3 0.06269001 1 958 0.5681169 3 5.280604 0.2727273 0.003131524 0.01658817 0.926347087711864
GO:0045893 positive regulation of transcription, DNA-templated 0.1611859 1.611859 4 2.481607 0.4 0.06280093 1 1412 0.8373497 4 4.776977 0.3636364 0.002832861 0.00714444 0.656738907692308
GO:0009117 nucleotide metabolic process 0.04210799 0.4210799 2 4.749692 0.2 0.06372296 1 508 0.3012561 2 6.638869 0.1818182 0.003937008 0.0349572 1
GO:0060548 negative regulation of cell death 0.09625667 0.9625667 3 3.116667 0.3 0.06389362 1 928 0.5503262 4 7.268417 0.3636364 0.004310345 0.001547901 0.354395319224138
GO:1902680 positive regulation of RNA biosynthetic process 0.1621382 1.621382 4 2.467031 0.4 0.06397424 1 1433 0.8498032 4 4.706972 0.3636364 0.002791347 0.007529393 0.677903225924657
GO:0006112 energy reserve metabolic process 0.006626273 0.06626273 1 15.09144 0.1 0.06432141 1 66 0.03913958 1 25.54959 0.09090909 0.01515152 0.03846082 1
GO:0006753 nucleoside phosphate metabolic process 0.04237553 0.4237553 2 4.719705 0.2 0.06444309 1 514 0.3048143 2 6.561372 0.1818182 0.003891051 0.03571931 1
GO:0042509 regulation of tyrosine phosphorylation of STAT protein 0.006667139 0.06667139 1 14.99894 0.1 0.06470626 1 70 0.04151167 2 48.17922 0.1818182 0.02857143 0.0007553306 0.300873355666667
GO:0044264 cellular polysaccharide metabolic process 0.006705262 0.06705262 1 14.91366 0.1 0.06506515 1 66 0.03913958 1 25.54959 0.09090909 0.01515152 0.03846082 1
GO:0030501 positive regulation of bone mineralization 0.006906858 0.06906858 1 14.47836 0.1 0.06696093 1 35 0.02075584 1 48.17922 0.09090909 0.02857143 0.02056661 1
GO:0002067 glandular epithelial cell differentiation 0.007042637 0.07042637 1 14.19923 0.1 0.06823583 1 39 0.02312793 1 43.23776 0.09090909 0.02564103 0.02289243 1
GO:0008284 positive regulation of cell proliferation 0.09907449 0.9907449 3 3.028025 0.3 0.06860624 1 857 0.5082215 3 5.902938 0.2727273 0.003500583 0.01227264 0.834859740561225
GO:0005976 polysaccharide metabolic process 0.007095866 0.07095866 1 14.09271 0.1 0.0687352 1 72 0.04269772 1 23.42045 0.09090909 0.01388889 0.04188969 1
GO:0051254 positive regulation of RNA metabolic process 0.1661762 1.661762 4 2.407084 0.4 0.06909075 1 1487 0.8818265 4 4.53604 0.3636364 0.00268998 0.008583563 0.697539661137725
GO:0070169 positive regulation of biomineral tissue development 0.007231477 0.07231477 1 13.82843 0.1 0.07000634 1 40 0.02372096 1 42.15682 0.09090909 0.025 0.0234731 1
GO:0010611 regulation of cardiac muscle hypertrophy 0.007249612 0.07249612 1 13.79384 0.1 0.07017621 1 43 0.02550003 1 39.21564 0.09090909 0.02325581 0.02521322 1
GO:0040036 regulation of fibroblast growth factor receptor signaling pathway 0.007261967 0.07261967 1 13.77037 0.1 0.07029192 1 26 0.01541862 1 64.85664 0.09090909 0.03846154 0.01531511 0.890783721017699
GO:1902533 positive regulation of intracellular signal transduction 0.1008802 1.008802 3 2.973825 0.3 0.07171453 1 952 0.5645587 3 5.313885 0.2727273 0.003151261 0.01631036 0.926010198290598
GO:0001934 positive regulation of protein phosphorylation 0.1009509 1.009509 3 2.971742 0.3 0.07183764 1 928 0.5503262 3 5.451313 0.2727273 0.003232759 0.01522643 0.890783721017699
GO:0051094 positive regulation of developmental process 0.1683548 1.683548 4 2.375934 0.4 0.07194654 1 1207 0.7157798 4 5.588311 0.3636364 0.003314002 0.004066051 0.50539360462963
GO:0014743 regulation of muscle hypertrophy 0.007463549 0.07463549 1 13.39845 0.1 0.07217803 1 45 0.02668607 1 37.47273 0.09090909 0.02222222 0.02637174 1
GO:0060563 neuroepithelial cell differentiation 0.007563899 0.07563899 1 13.22069 0.1 0.07311568 1 43 0.02550003 1 39.21564 0.09090909 0.02325581 0.02521322 1
GO:0046427 positive regulation of JAK-STAT cascade 0.007568756 0.07568756 1 13.21221 0.1 0.07316104 1 72 0.04269772 2 46.84091 0.1818182 0.02777778 0.0007989135 0.308874057573529
GO:0032880 regulation of protein localization 0.1019331 1.019331 3 2.943107 0.3 0.07355856 1 1005 0.595989 3 5.03365 0.2727273 0.002985075 0.01885942 0.949835539846743
GO:0055086 nucleobase-containing small molecule metabolic process 0.04638508 0.4638508 2 4.311731 0.2 0.07557879 1 565 0.3350585 2 5.969107 0.1818182 0.003539823 0.0424611 1
GO:0042327 positive regulation of phosphorylation 0.1047827 1.047827 3 2.863068 0.3 0.07866475 1 971 0.5758262 3 5.209905 0.2727273 0.003089598 0.01719949 0.943736477165354
GO:0009628 response to abiotic stimulus 0.1053784 1.053784 3 2.846883 0.3 0.07975339 1 1097 0.6505472 3 4.611502 0.2727273 0.002734731 0.02379896 1
GO:0051726 regulation of cell cycle 0.1069585 1.069585 3 2.804825 0.3 0.08267598 1 1141 0.6766403 3 4.433671 0.2727273 0.002629273 0.02639487 1
GO:0031214 biomineral tissue development 0.008828965 0.08828965 1 11.32636 0.1 0.08486319 1 75 0.04447679 1 22.48364 0.09090909 0.01333333 0.04359995 1
GO:0010638 positive regulation of organelle organization 0.04996752 0.4996752 2 4.0026 0.2 0.08604141 1 538 0.3190468 2 6.268672 0.1818182 0.003717472 0.03883382 1
GO:0008593 regulation of Notch signaling pathway 0.00925537 0.0925537 1 10.80454 0.1 0.08879253 1 72 0.04269772 1 23.42045 0.09090909 0.01388889 0.04188969 1
GO:0002376 immune system process 0.1823978 1.823978 4 2.193008 0.4 0.09195216 1 2319 1.375222 4 2.90862 0.3636364 0.001724881 0.03894151 1
GO:0051174 regulation of phosphorus metabolic process 0.1827877 1.827877 4 2.188331 0.4 0.09254686 1 1709 1.013478 4 3.946806 0.3636364 0.00234055 0.01396353 0.85289583853211
GO:0010557 positive regulation of macromolecule biosynthetic process 0.1836869 1.836869 4 2.177619 0.4 0.09392635 1 1675 0.993315 4 4.02692 0.3636364 0.00238806 0.01302444 0.843380609852217
GO:0043502 regulation of muscle adaptation 0.00994641 0.0994641 1 10.05388 0.1 0.09512825 1 68 0.04032562 1 24.79813 0.09090909 0.01470588 0.03960501 1
GO:0045685 regulation of glial cell differentiation 0.01008147 0.1008147 1 9.919184 0.1 0.09636194 1 58 0.03439539 1 29.07367 0.09090909 0.01724138 0.03387164 1
GO:0030335 positive regulation of cell migration 0.05369156 0.5369156 2 3.724981 0.2 0.09738783 1 421 0.2496631 2 8.010797 0.1818182 0.004750594 0.02468379 1
GO:0010469 regulation of receptor activity 0.05409904 0.5409904 2 3.696923 0.2 0.09865672 1 567 0.3362445 2 5.948052 0.1818182 0.003527337 0.04273488 1
GO:0051240 positive regulation of multicellular organismal process 0.1869222 1.869222 4 2.139928 0.4 0.09898254 1 1466 0.869373 4 4.601017 0.3636364 0.002728513 0.00816245 0.692690929426752
GO:0002682 regulation of immune system process 0.1158476 1.158476 3 2.58961 0.3 0.1000455 1 1416 0.8397218 4 4.763482 0.3636364 0.002824859 0.007216705 0.658774911284722
GO:0030500 regulation of bone mineralization 0.01066494 0.1066494 1 9.37652 0.1 0.1016739 1 66 0.03913958 1 25.54959 0.09090909 0.01515152 0.03846082 1
GO:2000147 positive regulation of cell motility 0.05515434 0.5515434 2 3.626188 0.2 0.1019668 1 439 0.2603375 2 7.682336 0.1818182 0.004555809 0.02668649 1
GO:0045935 positive regulation of nucleobase-containing compound metabolic process 0.189285 1.89285 4 2.113215 0.4 0.1027661 1 1751 1.038385 4 3.852136 0.3636364 0.002284409 0.01518416 0.890783721017699
GO:0030097 hemopoiesis 0.05595908 0.5595908 2 3.57404 0.2 0.1045139 1 512 0.3036282 2 6.587003 0.1818182 0.00390625 0.03546453 1
GO:0051272 positive regulation of cellular component movement 0.05611498 0.5611498 2 3.564111 0.2 0.1050096 1 449 0.2662677 2 7.511237 0.1818182 0.004454343 0.02782742 1
GO:0045937 positive regulation of phosphate metabolic process 0.1187414 1.187414 3 2.526498 0.3 0.1060301 1 1095 0.6493612 3 4.619925 0.2727273 0.002739726 0.02368457 1
GO:0070167 regulation of biomineral tissue development 0.01124871 0.1124871 1 8.889909 0.1 0.1069606 1 75 0.04447679 1 22.48364 0.09090909 0.01333333 0.04359995 1
GO:0010628 positive regulation of gene expression 0.193112 1.93112 4 2.071336 0.4 0.109056 1 1798 1.066257 4 3.751441 0.3636364 0.002224694 0.01663126 0.926347087711864
GO:0040017 positive regulation of locomotion 0.05811877 0.5811877 2 3.441229 0.2 0.1114439 1 469 0.2781282 2 7.190928 0.1818182 0.004264392 0.03016887 1
GO:0031328 positive regulation of cellular biosynthetic process 0.1956781 1.956781 4 2.044174 0.4 0.1133844 1 1813 1.075152 4 3.720403 0.3636364 0.002206288 0.01711147 0.943736477165354
GO:0042475 odontogenesis of dentin-containing tooth 0.01197684 0.1197684 1 8.34945 0.1 0.1135153 1 76 0.04506982 1 22.1878 0.09090909 0.01315789 0.04416942 1
GO:0051173 positive regulation of nitrogen compound metabolic process 0.1988351 1.988351 4 2.011718 0.4 0.1188307 1 1865 1.10599 4 3.616671 0.3636364 0.002144772 0.01884626 0.949835539846743
GO:0009891 positive regulation of biosynthetic process 0.1992904 1.992904 4 2.007121 0.4 0.1196272 1 1842 1.09235 4 3.66183 0.3636364 0.002171553 0.01806544 0.943736477165354
GO:0031401 positive regulation of protein modification process 0.125414 1.25414 3 2.392077 0.3 0.1204182 1 1187 0.7039193 3 4.261852 0.2727273 0.00252738 0.02927151 1
GO:0048534 hematopoietic or lymphoid organ development 0.06222855 0.6222855 2 3.213959 0.2 0.124989 1 560 0.3320934 2 6.022403 0.1818182 0.003571429 0.0417797 1
GO:0044710 single-organism metabolic process 0.2862848 2.862848 5 1.746512 0.5 0.1277518 1 3489 2.06906 5 2.416556 0.4545455 0.001433075 0.03967339 1
GO:0002520 immune system development 0.06475941 0.6475941 2 3.088354 0.2 0.1335456 1 587 0.348105 2 5.745393 0.1818182 0.003407155 0.04551052 1
GO:0042592 homeostatic process 0.1337133 1.337133 3 2.243606 0.3 0.1394018 1 1431 0.8486172 3 3.535163 0.2727273 0.002096436 0.04731826 1
GO:0046425 regulation of JAK-STAT cascade 0.01659396 0.1659396 1 6.02629 0.1 0.1540811 1 148 0.08776753 2 22.78747 0.1818182 0.01351351 0.003317486 0.453483484417476
GO:0051239 regulation of multicellular organismal process 0.3103235 3.103235 5 1.611222 0.5 0.1685368 1 2766 1.640304 5 3.048215 0.4545455 0.001807664 0.01547372 0.896044270484581
GO:0001932 regulation of protein phosphorylation 0.1456565 1.456565 3 2.059641 0.3 0.1686523 1 1342 0.7958381 3 3.769611 0.2727273 0.002235469 0.04019319 1
GO:2000026 regulation of multicellular organismal development 0.230592 2.30592 4 1.734666 0.4 0.1806654 1 1817 1.077524 4 3.712213 0.3636364 0.002201431 0.01724104 0.943736477165354
GO:0050731 positive regulation of peptidyl-tyrosine phosphorylation 0.02007035 0.2007035 1 4.982474 0.1 0.1835136 1 172 0.1020001 2 19.60782 0.1818182 0.01162791 0.00445023 0.531802485
GO:0006355 regulation of transcription, DNA-templated 0.3238705 3.238705 5 1.543827 0.5 0.194164 1 3636 2.156235 5 2.318857 0.4545455 0.001375138 0.04659944 1
GO:1903506 regulation of nucleic acid-templated transcription 0.3250721 3.250721 5 1.53812 0.5 0.1965249 1 3658 2.169281 5 2.304911 0.4545455 0.001366867 0.04769979 1
GO:2001141 regulation of RNA biosynthetic process 0.3254297 3.254297 5 1.53643 0.5 0.1972301 1 3676 2.179956 5 2.293624 0.4545455 0.001360174 0.04861261 1
GO:0051247 positive regulation of protein metabolic process 0.1586965 1.586965 3 1.890401 0.3 0.2028653 1 1578 0.9357917 4 4.274456 0.3636364 0.002534854 0.01057852 0.759098031521739
GO:0050730 regulation of peptidyl-tyrosine phosphorylation 0.02664385 0.2664385 1 3.753212 0.1 0.2366604 1 231 0.1369885 2 14.59976 0.1818182 0.008658009 0.007886936 0.691158491466667
GO:0010033 response to organic substance 0.2555805 2.555805 4 1.565065 0.4 0.2373032 1 2749 1.630223 5 3.067066 0.4545455 0.001818843 0.01508047 0.890783721017699
GO:0042127 regulation of cell proliferation 0.1739603 1.739603 3 1.724532 0.3 0.2453831 1 1558 0.9239312 4 4.329327 0.3636364 0.002567394 0.01011584 0.738737315555555
GO:0048522 positive regulation of cellular process 0.4528756 4.528756 6 1.324867 0.6 0.2677143 1 4905 2.908782 7 2.406505 0.6363636 0.001427115 0.01048549 0.757317395879121
GO:0050793 regulation of developmental process 0.2788904 2.788904 4 1.434255 0.4 0.2950939 1 2358 1.39835 4 2.860514 0.3636364 0.001696353 0.04110572 1
GO:0031325 positive regulation of cellular metabolic process 0.2927409 2.927409 4 1.366396 0.4 0.3311278 1 2967 1.759502 5 2.841713 0.4545455 0.001685204 0.0206873 1
GO:0071310 cellular response to organic substance 0.2035583 2.035583 3 1.473779 0.3 0.3329688 1 2116 1.254839 4 3.187661 0.3636364 0.001890359 0.02882023 1
GO:0009966 regulation of signal transduction 0.2958751 2.958751 4 1.351922 0.4 0.3394167 1 3029 1.796269 5 2.783547 0.4545455 0.00165071 0.02251544 1
GO:0048518 positive regulation of biological process 0.4847997 4.847997 6 1.237625 0.6 0.3401597 1 5418 3.213003 7 2.178647 0.6363636 0.00129199 0.01856787 0.949835539846743
GO:0010604 positive regulation of macromolecule metabolic process 0.2977118 2.977118 4 1.343581 0.4 0.344294 1 3003 1.780851 5 2.807647 0.4545455 0.001665002 0.02173569 1
GO:0031323 regulation of cellular metabolic process 0.4927384 4.927384 6 1.217685 0.6 0.3592176 1 5933 3.518411 7 1.989535 0.6363636 0.001179842 0.03081424 1
GO:0007166 cell surface receptor signaling pathway 0.2142461 2.142461 3 1.400259 0.3 0.3655201 1 2140 1.269071 4 3.151912 0.3636364 0.001869159 0.02991846 1
GO:0009893 positive regulation of metabolic process 0.3118123 3.118123 4 1.282823 0.4 0.3821418 1 3192 1.892932 5 2.641405 0.4545455 0.001566416 0.0278496 1
GO:0048523 negative regulation of cellular process 0.4096118 4.096118 5 1.220668 0.5 0.3911849 1 4412 2.616421 6 2.293209 0.5454545 0.001359927 0.02710246 1
GO:0019222 regulation of metabolic process 0.5163388 5.163388 6 1.162028 0.6 0.4177604 1 6289 3.729527 7 1.876914 0.6363636 0.001113055 0.04228292 1
GO:0010646 regulation of cell communication 0.3282823 3.282823 4 1.218463 0.4 0.4269423 1 3313 1.964688 5 2.544933 0.4545455 0.001509206 0.03232757 1
GO:0023051 regulation of signaling 0.3323898 3.323898 4 1.203406 0.4 0.4381587 1 3363 1.994339 5 2.507096 0.4545455 0.001486768 0.03431226 1
GO:0048519 negative regulation of biological process 0.431208 4.31208 5 1.159533 0.5 0.4467414 1 4725 2.802038 7 2.498182 0.6363636 0.001481481 0.008425301 0.697539661137725
GO:0030154 cell differentiation 0.3736993 3.736993 4 1.070379 0.4 0.5498184 1 3461 2.052456 5 2.436106 0.4545455 0.001444669 0.03843685 1
GO:0048869 cellular developmental process 0.3785228 3.785228 4 1.056739 0.4 0.5625306 1 3537 2.097525 5 2.383761 0.4545455 0.001413627 0.04185421 1
GO:0070110 ciliary neurotrophic factor receptor complex 0.0004229826 0.004229826 1 236.4163 0.1 0.004221784 1 3 0.001779072 1 562.0909 0.09090909 0.3333333 0.001778113 1
GO:0005900 oncostatin-M receptor complex 0.0005001385 0.005001385 1 199.9446 0.1 0.004990144 1 2 0.001186048 1 843.1364 0.09090909 0.5 0.001185728 1
GO:0005896 interleukin-6 receptor complex 0.0005045144 0.005045144 1 198.2104 0.1 0.005033706 1 3 0.001779072 1 562.0909 0.09090909 0.3333333 0.001778113 1
GO:0005615 extracellular space 0.1120854 1.120854 4 3.568706 0.4 0.01898092 1 1362 0.8076985 4 4.952343 0.3636364 0.002936858 0.006282357 1
GO:0005730 nucleolus 0.07607514 0.7607514 3 3.94347 0.3 0.03520323 1 927 0.5497331 3 5.457193 0.2727273 0.003236246 0.01518221 1
GO:0042734 presynaptic membrane 0.01385898 0.1385898 1 7.215541 0.1 0.1302584 1 71 0.0421047 1 23.75032 0.09090909 0.01408451 0.04131898 1
GO:0009897 external side of plasma membrane 0.025365 0.25365 1 3.942441 0.1 0.2265717 1 227 0.1346164 2 14.85703 0.1818182 0.008810573 0.007625437 1
GO:0098552 side of membrane 0.04206006 0.4206006 1 2.377553 0.1 0.349297 1 432 0.2561863 2 7.806818 0.1818182 0.00462963 0.02589982 1
