ID name Binom_Genome_Fraction Binom_Expected Binom_Observed_Region_Hits Binom_Fold_Enrichment Binom_Region_Set_Coverage Binom_Raw_PValue Binom_Adjp_BH Hyper_Total_Genes Hyper_Expected Hyper_Observed_Gene_Hits Hyper_Fold_Enrichment Hyper_Gene_Set_Coverage Hyper_Term_Gene_Coverage Hyper_Raw_PValue Hyper_Adjp_BH
GO:0004716 signal transducer, downstream of receptor, with protein tyrosine kinase activity 0.001662187 0.08310936 2 24.06468 0.04 0.003209657 1 9 0.04463852 2 44.80435 0.02173913 0.2222222 0.0008563954 1
GO:0003976 UDP-N-acetylglucosamine-lysosomal-enzyme N-acetylglucosaminephosphotransferase activity 7.126184e-05 0.003563092 1 280.6551 0.02 0.003556878 1 3 0.01487951 1 67.20652 0.01086957 0.3333333 0.01480662 1
GO:0004771 sterol esterase activity 0.0002402353 0.01201176 1 83.25172 0.02 0.01194134 1 4 0.01983934 1 50.40489 0.01086957 0.25 0.01969381 1
GO:0008289 lipid binding 0.06377045 3.188523 8 2.508999 0.16 0.01323249 1 662 3.283412 8 2.43649 0.08695652 0.01208459 0.01698195 1
GO:0016922 ligand-dependent nuclear receptor binding 0.003503566 0.1751783 2 11.41694 0.04 0.01345077 1 21 0.1041566 2 19.20186 0.02173913 0.0952381 0.004805981 1
GO:1902118 calcidiol binding 0.0002930499 0.01465249 1 68.24777 0.02 0.01454778 1 1 0.004959836 1 201.6196 0.01086957 1 0.004959836 1
GO:0004471 malate dehydrogenase (decarboxylating) (NAD+) activity 0.0003026052 0.01513026 1 66.09273 0.02 0.01501863 1 3 0.01487951 1 67.20652 0.01086957 0.3333333 0.01480662 1
GO:0004473 malate dehydrogenase (decarboxylating) (NADP+) activity 0.0003026052 0.01513026 1 66.09273 0.02 0.01501863 1 3 0.01487951 1 67.20652 0.01086957 0.3333333 0.01480662 1
GO:0042803 protein homodimerization activity 0.0788139 3.940695 9 2.283861 0.18 0.01522798 1 777 3.853793 9 2.335362 0.09782609 0.01158301 0.01488056 1
GO:0008948 oxaloacetate decarboxylase activity 0.000312822 0.0156411 1 63.93412 0.02 0.01552182 1 4 0.01983934 1 50.40489 0.01086957 0.25 0.01969381 1
GO:0046934 phosphatidylinositol-4,5-bisphosphate 3-kinase activity 0.01045412 0.5227058 3 5.739366 0.06 0.01554005 1 66 0.3273492 3 9.164526 0.0326087 0.04545455 0.004311563 1
GO:0052813 phosphatidylinositol bisphosphate kinase activity 0.01058351 0.5291753 3 5.669199 0.06 0.01605216 1 69 0.3422287 3 8.766068 0.0326087 0.04347826 0.004884211 1
GO:1902271 D3 vitamins binding 0.0003398229 0.01699115 1 58.85418 0.02 0.01685045 1 2 0.009919672 1 100.8098 0.01086957 0.5 0.009895338 1
GO:0005088 Ras guanyl-nucleotide exchange factor activity 0.0304823 1.524115 5 3.280592 0.1 0.01788376 1 248 1.230039 5 4.064911 0.05434783 0.02016129 0.007859704 1
GO:0004470 malic enzyme activity 0.0003908422 0.01954211 1 51.17155 0.02 0.01935615 1 4 0.01983934 1 50.40489 0.01086957 0.25 0.01969381 1
GO:0032403 protein complex binding 0.06853675 3.426838 8 2.334514 0.16 0.01965099 1 781 3.873632 9 2.323401 0.09782609 0.01152369 0.01533979 1
GO:0005178 integrin binding 0.0115897 0.5794848 3 5.177012 0.06 0.02035859 1 109 0.5406221 3 5.549162 0.0326087 0.02752294 0.01698541 1
GO:0004177 aminopeptidase activity 0.004426264 0.2213132 2 9.036967 0.04 0.02085198 1 44 0.2182328 2 9.164526 0.02173913 0.04545455 0.02011166 1
GO:0035004 phosphatidylinositol 3-kinase activity 0.01180282 0.5901408 3 5.083533 0.06 0.02134474 1 74 0.3670279 3 8.173766 0.0326087 0.04054054 0.005936478 1
GO:0043548 phosphatidylinositol 3-kinase binding 0.004616895 0.2308447 2 8.663832 0.04 0.02255087 1 28 0.1388754 2 14.4014 0.02173913 0.07142857 0.008458318 1
GO:0005220 inositol 1,4,5-trisphosphate-sensitive calcium-release channel activity 0.0004767705 0.02383853 1 41.9489 0.02 0.02356218 1 3 0.01487951 1 67.20652 0.01086957 0.3333333 0.01480662 1
GO:0019237 centromeric DNA binding 0.0005002434 0.02501217 1 39.98054 0.02 0.02470806 1 6 0.02975902 1 33.60326 0.01086957 0.1666667 0.02939636 1
GO:0015204 urea transmembrane transporter activity 0.0005319358 0.02659679 1 37.59852 0.02 0.0262531 1 4 0.01983934 1 50.40489 0.01086957 0.25 0.01969381 1
GO:0048408 epidermal growth factor binding 0.0005523866 0.02761933 1 36.20653 0.02 0.02724883 1 4 0.01983934 1 50.40489 0.01086957 0.25 0.01969381 1
GO:0016316 phosphatidylinositol-3,4-bisphosphate 4-phosphatase activity 0.0005557092 0.02778546 1 35.99005 0.02 0.02741051 1 2 0.009919672 1 100.8098 0.01086957 0.5 0.009895338 1
GO:0017161 inositol-1,3,4-trisphosphate 4-phosphatase activity 0.0005557092 0.02778546 1 35.99005 0.02 0.02741051 1 2 0.009919672 1 100.8098 0.01086957 0.5 0.009895338 1
GO:0052828 inositol-3,4-bisphosphate 4-phosphatase activity 0.0005557092 0.02778546 1 35.99005 0.02 0.02741051 1 2 0.009919672 1 100.8098 0.01086957 0.5 0.009895338 1
GO:0034597 phosphatidylinositol-4,5-bisphosphate 4-phosphatase activity 0.0005841216 0.02920608 1 34.23944 0.02 0.02879199 1 4 0.01983934 1 50.40489 0.01086957 0.25 0.01969381 1
GO:0016312 inositol bisphosphate phosphatase activity 0.0006054455 0.03027228 1 33.03353 0.02 0.02982755 1 4 0.01983934 1 50.40489 0.01086957 0.25 0.01969381 1
GO:0016615 malate dehydrogenase activity 0.0006253235 0.03126618 1 31.98344 0.02 0.03079192 1 8 0.03967869 1 25.20245 0.01086957 0.125 0.03900391 1
GO:0005006 epidermal growth factor-activated receptor activity 0.0006363089 0.03181545 1 31.43127 0.02 0.03132447 1 2 0.009919672 1 100.8098 0.01086957 0.5 0.009895338 1
GO:0005085 guanyl-nucleotide exchange factor activity 0.03599972 1.799986 5 2.7778 0.1 0.03350732 1 322 1.597067 5 3.130739 0.05434783 0.01552795 0.02205577 1
GO:0050692 DBD domain binding 0.0007044044 0.03522022 1 28.39278 0.02 0.03461919 1 3 0.01487951 1 67.20652 0.01086957 0.3333333 0.01480662 1
GO:0050839 cell adhesion molecule binding 0.04901075 2.450537 6 2.448443 0.12 0.03477241 1 461 2.286484 6 2.624116 0.06521739 0.01301518 0.02711853 1
GO:0003689 DNA clamp loader activity 0.0007126663 0.03563331 1 28.06363 0.02 0.03501818 1 8 0.03967869 1 25.20245 0.01086957 0.125 0.03900391 1
GO:0005391 sodium:potassium-exchanging ATPase activity 0.0007206314 0.03603157 1 27.75344 0.02 0.03540269 1 10 0.04959836 1 20.16196 0.01086957 0.1 0.04851739 1
GO:0047757 chondroitin-glucuronate 5-epimerase activity 0.0007266974 0.03633487 1 27.52177 0.02 0.03569542 1 2 0.009919672 1 100.8098 0.01086957 0.5 0.009895338 1
GO:0050501 hyaluronan synthase activity 0.0007773703 0.03886852 1 25.72776 0.02 0.03813737 1 4 0.01983934 1 50.40489 0.01086957 0.25 0.01969381 1
GO:0030235 nitric-oxide synthase regulator activity 0.0007891344 0.03945672 1 25.34423 0.02 0.03870341 1 6 0.02975902 1 33.60326 0.01086957 0.1666667 0.02939636 1
GO:0046983 protein dimerization activity 0.1240297 6.201486 11 1.773768 0.22 0.04007207 1 1243 6.165076 11 1.784244 0.1195652 0.008849558 0.04339883 1
GO:0030145 manganese ion binding 0.006441476 0.3220738 2 6.209757 0.04 0.04145222 1 50 0.2479918 2 8.064783 0.02173913 0.04 0.02554992 1
GO:0044877 macromolecular complex binding 0.1248336 6.241678 11 1.762347 0.22 0.04172221 1 1374 6.814815 13 1.907609 0.1413043 0.009461426 0.01781548 1
GO:0015450 P-P-bond-hydrolysis-driven protein transmembrane transporter activity 0.0008890026 0.04445013 1 22.49712 0.02 0.04349561 1 9 0.04463852 1 22.40217 0.01086957 0.1111111 0.04377235 1
GO:0004758 serine C-palmitoyltransferase activity 0.0009074083 0.04537042 1 22.04079 0.02 0.04437625 1 5 0.02479918 1 40.32391 0.01086957 0.2 0.02455702 1
GO:0016018 cyclosporin A binding 0.0009141544 0.04570772 1 21.87814 0.02 0.04469883 1 10 0.04959836 1 20.16196 0.01086957 0.1 0.04851739 1
GO:0004862 cAMP-dependent protein kinase inhibitor activity 0.0009857367 0.04928684 1 20.28939 0.02 0.04811509 1 9 0.04463852 1 22.40217 0.01086957 0.1111111 0.04377235 1
GO:0034596 phosphatidylinositol phosphate 4-phosphatase activity 0.001046974 0.0523487 1 19.10267 0.02 0.05102813 1 10 0.04959836 1 20.16196 0.01086957 0.1 0.04851739 1
GO:0016857 racemase and epimerase activity, acting on carbohydrates and derivatives 0.001145675 0.05728376 1 17.45695 0.02 0.05570494 1 10 0.04959836 1 20.16196 0.01086957 0.1 0.04851739 1
GO:0003779 actin binding 0.0415639 2.078195 5 2.405934 0.1 0.05600902 1 401 1.988894 5 2.51396 0.05434783 0.01246883 0.04925582 1
GO:0008510 sodium:bicarbonate symporter activity 0.001164759 0.05823795 1 17.17094 0.02 0.05660659 1 9 0.04463852 1 22.40217 0.01086957 0.1111111 0.04377235 1
GO:0050693 LBD domain binding 0.001199856 0.05999278 1 16.66867 0.02 0.05826259 1 6 0.02975902 1 33.60326 0.01086957 0.1666667 0.02939636 1
GO:0005499 vitamin D binding 0.001372086 0.06860431 1 14.57634 0.02 0.06634793 1 6 0.02975902 1 33.60326 0.01086957 0.1666667 0.02939636 1
GO:0017128 phospholipid scramblase activity 0.001372438 0.06862189 1 14.57261 0.02 0.06636436 1 10 0.04959836 1 20.16196 0.01086957 0.1 0.04851739 1
GO:0004714 transmembrane receptor protein tyrosine kinase activity 0.01136309 0.5681544 2 3.52017 0.04 0.1107279 1 62 0.3075098 2 6.503857 0.02173913 0.03225806 0.03796617 1
GO:0000079 regulation of cyclin-dependent protein serine/threonine kinase activity 0.007131556 0.3565778 4 11.21775 0.08 0.0004585174 1 80 0.3967869 4 10.08098 0.04347826 0.05 0.000672096 0.57129979002381
GO:1904029 regulation of cyclin-dependent protein kinase activity 0.007599982 0.3799991 4 10.52634 0.08 0.0005813324 1 84 0.4166262 4 9.600932 0.04347826 0.04761905 0.0008076806 0.57129979002381
GO:0072148 epithelial cell fate commitment 0.003424535 0.1712267 3 17.52063 0.06 0.0006978736 1 16 0.07935738 3 37.80367 0.0326087 0.1875 6.310095e-05 0.26070754545
GO:0060849 regulation of transcription involved in lymphatic endothelial cell fate commitment 0.0009337036 0.04668518 2 42.84015 0.04 0.001036568 1 2 0.009919672 2 201.6196 0.02173913 1 2.43339e-05 0.26070754545
GO:0032885 regulation of polysaccharide biosynthetic process 0.003944095 0.1972047 3 15.21262 0.06 0.001046905 1 33 0.1636746 3 18.32905 0.0326087 0.09090909 0.0005783808 0.57129979002381
GO:0060838 lymphatic endothelial cell fate commitment 0.0009968927 0.04984463 2 40.12468 0.04 0.001179237 1 3 0.01487951 2 134.413 0.02173913 0.6666667 7.276552e-05 0.26070754545
GO:0032881 regulation of polysaccharide metabolic process 0.004224127 0.2112063 3 14.20412 0.06 0.001273553 1 38 0.1884738 3 15.91733 0.0326087 0.07894737 0.0008784096 0.57129979002381
GO:0060836 lymphatic endothelial cell differentiation 0.001236897 0.06184483 2 32.339 0.04 0.001801557 1 8 0.03967869 2 50.40489 0.02173913 0.25 0.0006682424 0.57129979002381
GO:0034728 nucleosome organization 0.0107051 0.5352548 4 7.473076 0.08 0.002042989 1 170 0.8431721 4 4.74399 0.04347826 0.02352941 0.01018733 1
GO:0039530 MDA-5 signaling pathway 5.087775e-05 0.002543887 1 393.0992 0.02 0.002540719 1 3 0.01487951 1 67.20652 0.01086957 0.3333333 0.01480662 1
GO:1902362 melanocyte apoptotic process 5.602252e-05 0.002801126 1 356.9993 0.02 0.002797285 1 1 0.004959836 1 201.6196 0.01086957 1 0.004959836 1
GO:0016256 N-glycan processing to lysosome 6.802735e-05 0.003401367 1 293.9994 0.02 0.003395705 1 2 0.009919672 1 100.8098 0.01086957 0.5 0.009895338 1
GO:0016477 cell migration 0.1014798 5.07399 12 2.365003 0.24 0.003633532 1 804 3.987708 12 3.009247 0.1304348 0.01492537 0.0006077885 0.57129979002381
GO:0030900 forebrain development 0.06327502 3.163751 9 2.844724 0.18 0.003808219 1 363 1.800421 9 4.998832 0.09782609 0.02479339 7.933284e-05 0.26070754545
GO:2001168 positive regulation of histone H2B ubiquitination 7.937899e-05 0.003968949 1 251.9558 0.02 0.00396124 1 4 0.01983934 1 50.40489 0.01086957 0.25 0.01969381 1
GO:0001667 ameboidal-type cell migration 0.02112259 1.056129 5 4.734269 0.1 0.004044839 1 143 0.7092566 5 7.049635 0.05434783 0.03496503 0.0007290449 0.57129979002381
GO:0060839 endothelial cell fate commitment 0.001904828 0.09524142 2 20.99927 0.04 0.004182714 1 7 0.03471885 2 57.60559 0.02173913 0.2857143 0.0005028054 0.57129979002381
GO:0050673 epithelial cell proliferation 0.01371633 0.6858164 4 5.832465 0.08 0.004934071 1 84 0.4166262 4 9.600932 0.04347826 0.04761905 0.0008076806 0.57129979002381
GO:0043330 response to exogenous dsRNA 0.002125813 0.1062907 2 18.81633 0.04 0.005173041 1 45 0.2231926 2 8.96087 0.02173913 0.04444444 0.02098006 1
GO:0033299 secretion of lysosomal enzymes 0.0001057763 0.005288816 1 189.0782 0.02 0.005275133 1 3 0.01487951 1 67.20652 0.01086957 0.3333333 0.01480662 1
GO:0021549 cerebellum development 0.01424486 0.7122431 4 5.61606 0.08 0.005630377 1 93 0.4612648 4 8.671809 0.04347826 0.04301075 0.001181471 0.628066583269231
GO:0045725 positive regulation of glycogen biosynthetic process 0.002224374 0.1112187 2 17.98258 0.04 0.005646139 1 15 0.07439754 2 26.88261 0.02173913 0.1333333 0.002449894 0.870374503513514
GO:0070875 positive regulation of glycogen metabolic process 0.002352625 0.1176312 2 17.00229 0.04 0.006290312 1 17 0.08431721 2 23.71995 0.02173913 0.1176471 0.0031528 1
GO:0003159 morphogenesis of an endothelium 0.002356987 0.1178494 2 16.97082 0.04 0.006312788 1 16 0.07935738 2 25.20245 0.02173913 0.125 0.002790864 0.940664289230769
GO:0030334 regulation of cell migration 0.09479688 4.739844 11 2.320751 0.22 0.006327355 1 712 3.531403 12 3.398083 0.1304348 0.01685393 0.0002030595 0.4012603265
GO:0031591 wybutosine biosynthetic process 0.0001309169 0.006545846 1 152.7687 0.02 0.006524894 1 2 0.009919672 1 100.8098 0.01086957 0.5 0.009895338 1
GO:0048870 cell motility 0.1094864 5.47432 12 2.192053 0.24 0.006691536 1 904 4.483692 12 2.676366 0.1304348 0.01327434 0.001669575 0.665047375
GO:0008285 negative regulation of cell proliferation 0.08221501 4.110751 10 2.432646 0.2 0.006808301 1 653 3.238773 10 3.087589 0.1086957 0.01531394 0.001466075 0.642385195833333
GO:0022037 metencephalon development 0.01525852 0.762926 4 5.242972 0.08 0.00714419 1 102 0.5059033 4 7.90665 0.04347826 0.03921569 0.001662368 0.665047375
GO:0051222 positive regulation of protein transport 0.04542391 2.271196 7 3.082077 0.14 0.00715909 1 475 2.355922 7 2.971236 0.07608696 0.01473684 0.00934054 1
GO:0045913 positive regulation of carbohydrate metabolic process 0.008178183 0.4089091 3 7.336593 0.06 0.008051162 1 68 0.3372689 3 8.894981 0.0326087 0.04411765 0.004688503 1
GO:0060900 embryonic camera-type eye formation 0.002678453 0.1339226 2 14.934 0.04 0.008069454 1 12 0.05951803 2 33.60326 0.02173913 0.1666667 0.001554914 0.659333694516129
GO:1904211 membrane protein proteolysis involved in retrograde protein transport, ER to cytosol 0.0001667304 0.008336522 1 119.9541 0.02 0.008302559 1 2 0.009919672 1 100.8098 0.01086957 0.5 0.009895338 1
GO:0021516 dorsal spinal cord development 0.00271924 0.135962 2 14.70999 0.04 0.008306334 1 21 0.1041566 2 19.20186 0.02173913 0.0952381 0.004805981 1
GO:0035549 positive regulation of interferon-beta secretion 0.0001671019 0.008355097 1 119.6874 0.02 0.008320983 1 4 0.01983934 1 50.40489 0.01086957 0.25 0.01969381 1
GO:0034344 regulation of type III interferon production 0.0001682259 0.008411294 1 118.8878 0.02 0.00837672 1 3 0.01487951 1 67.20652 0.01086957 0.3333333 0.01480662 1
GO:2000145 regulation of cell motility 0.09908593 4.954296 11 2.220295 0.22 0.008753562 1 767 3.804194 13 3.417281 0.1413043 0.01694915 0.000102045 0.268276305
GO:0007494 midgut development 0.00280728 0.140364 2 14.24867 0.04 0.008828225 1 11 0.0545582 2 36.6581 0.02173913 0.1818182 0.001299954 0.632885012222222
GO:0021510 spinal cord development 0.01633154 0.8165768 4 4.898498 0.08 0.009017598 1 98 0.4860639 4 8.22937 0.04347826 0.04081633 0.001434476 0.642385195833333
GO:0043255 regulation of carbohydrate biosynthetic process 0.008532531 0.4266265 3 7.031911 0.06 0.009031761 1 82 0.4067066 3 7.376326 0.0326087 0.03658537 0.007883092 1
GO:0006814 sodium ion transport 0.01634579 0.8172897 4 4.894226 0.08 0.009044448 1 161 0.7985336 4 5.009182 0.04347826 0.02484472 0.008457849 1
GO:0060850 regulation of transcription involved in cell fate commitment 0.002885773 0.1442887 2 13.8611 0.04 0.009305633 1 16 0.07935738 2 25.20245 0.02173913 0.125 0.002790864 0.940664289230769
GO:0003007 heart morphogenesis 0.03639436 1.819718 6 3.297214 0.12 0.009362554 1 224 1.111003 6 5.400524 0.06521739 0.02678571 0.0008716142 0.57129979002381
GO:0035547 regulation of interferon-beta secretion 0.0001889329 0.009446645 1 105.8577 0.02 0.00940305 1 5 0.02479918 1 40.32391 0.01086957 0.2 0.02455702 1
GO:0005979 regulation of glycogen biosynthetic process 0.002903128 0.1451564 2 13.77824 0.04 0.009412719 1 26 0.1289557 2 15.5092 0.02173913 0.07692308 0.007319215 1
GO:0046425 regulation of JAK-STAT cascade 0.01659396 0.8296978 4 4.821032 0.08 0.009520224 1 148 0.7340557 4 5.449177 0.04347826 0.02702703 0.006318663 1
GO:0001945 lymph vessel development 0.002994203 0.1497102 2 13.35915 0.04 0.009983706 1 22 0.1091164 2 18.32905 0.02173913 0.09090909 0.005269597 1
GO:0090277 positive regulation of peptide hormone secretion 0.008893188 0.4446594 3 6.746737 0.06 0.01009881 1 90 0.4463852 3 6.720652 0.0326087 0.03333333 0.01016507 1
GO:0030163 protein catabolic process 0.04865515 2.432757 7 2.877393 0.14 0.01024742 1 613 3.04038 7 2.302344 0.07608696 0.01141925 0.03263119 1
GO:1904951 positive regulation of establishment of protein localization 0.04866119 2.433059 7 2.877036 0.14 0.01025398 1 510 2.529516 7 2.767327 0.07608696 0.01372549 0.01341818 1
GO:0006629 lipid metabolic process 0.1014758 5.07379 11 2.168005 0.22 0.01039292 1 1204 5.971643 11 1.842039 0.1195652 0.009136213 0.03572315 1
GO:1900364 negative regulation of mRNA polyadenylation 0.0002112573 0.01056287 1 94.67127 0.02 0.01050838 1 8 0.03967869 1 25.20245 0.01086957 0.125 0.03900391 1
GO:0021517 ventral spinal cord development 0.009029884 0.4514942 3 6.644604 0.06 0.01052163 1 45 0.2231926 3 13.4413 0.0326087 0.06666667 0.001441006 0.642385195833333
GO:0002793 positive regulation of peptide secretion 0.009140766 0.4570383 3 6.564001 0.06 0.01087208 1 93 0.4612648 3 6.503857 0.0326087 0.03225806 0.01110954 1
GO:0032467 positive regulation of cytokinesis 0.003151203 0.1575601 2 12.69357 0.04 0.01100328 1 37 0.1835139 2 10.89835 0.02173913 0.05405405 0.01447912 1
GO:0070873 regulation of glycogen metabolic process 0.00318316 0.159158 2 12.56613 0.04 0.01121623 1 31 0.1537549 2 13.00771 0.02173913 0.06451613 0.01030542 1
GO:0001709 cell fate determination 0.00929734 0.464867 3 6.453459 0.06 0.01137839 1 40 0.1983934 3 15.12147 0.0326087 0.075 0.001021429 0.6103038275
GO:0021543 pallium development 0.02719331 1.359665 5 3.677376 0.1 0.01141514 1 161 0.7985336 5 6.261477 0.05434783 0.0310559 0.001239879 0.628066583269231
GO:0097045 phosphatidylserine exposure on blood platelet 0.0002336538 0.01168269 1 85.59674 0.02 0.01161606 1 1 0.004959836 1 201.6196 0.01086957 1 0.004959836 1
GO:0033184 positive regulation of histone ubiquitination 0.0002418335 0.01209167 1 82.70154 0.02 0.01202031 1 5 0.02479918 1 40.32391 0.01086957 0.2 0.02455702 1
GO:0045737 positive regulation of cyclin-dependent protein serine/threonine kinase activity 0.003308123 0.1654061 2 12.09145 0.04 0.01206633 1 32 0.1587148 2 12.60122 0.02173913 0.0625 0.01095727 1
GO:0043486 histone exchange 0.003330046 0.1665023 2 12.01185 0.04 0.01221831 1 57 0.2827107 2 7.074371 0.02173913 0.03508772 0.03255546 1
GO:0071824 protein-DNA complex subunit organization 0.01788341 0.8941703 4 4.473421 0.08 0.01225589 1 249 1.234999 4 3.238869 0.04347826 0.01606426 0.03540085 1
GO:1902304 positive regulation of potassium ion export 0.0002510183 0.01255091 1 79.67547 0.02 0.01247404 1 2 0.009919672 1 100.8098 0.01086957 0.5 0.009895338 1
GO:0030004 cellular monovalent inorganic cation homeostasis 0.00970784 0.485392 3 6.180572 0.06 0.01276993 1 111 0.5505418 3 5.449177 0.0326087 0.02702703 0.01782061 1
GO:0019220 regulation of phosphate metabolic process 0.1814036 9.070178 16 1.764023 0.32 0.01292634 1 1695 8.406922 16 1.903194 0.173913 0.009439528 0.008814233 1
GO:0005975 carbohydrate metabolic process 0.03917033 1.958517 6 3.063543 0.12 0.01310996 1 469 2.326163 6 2.579355 0.06521739 0.01279318 0.02916495 1
GO:1902722 positive regulation of prolactin secretion 0.0002675668 0.01337834 1 74.74769 0.02 0.01329101 1 2 0.009919672 1 100.8098 0.01086957 0.5 0.009895338 1
GO:0006741 NADP biosynthetic process 0.0002745174 0.01372587 1 72.85514 0.02 0.01363396 1 4 0.01983934 1 50.40489 0.01086957 0.25 0.01969381 1
GO:0051223 regulation of protein transport 0.07744366 3.872183 9 2.32427 0.18 0.01370056 1 759 3.764516 9 2.390746 0.09782609 0.01185771 0.01293949 1
GO:0051174 regulation of phosphorus metabolic process 0.1827877 9.139386 16 1.750665 0.32 0.01386826 1 1709 8.47636 16 1.887603 0.173913 0.0093622 0.009503609 1
GO:0002729 positive regulation of natural killer cell cytokine production 0.0002805987 0.01402994 1 71.27616 0.02 0.01393392 1 1 0.004959836 1 201.6196 0.01086957 1 0.004959836 1
GO:1904031 positive regulation of cyclin-dependent protein kinase activity 0.003583785 0.1791893 2 11.16138 0.04 0.01403812 1 35 0.1735943 2 11.52112 0.02173913 0.05714286 0.0130186 1
GO:0040012 regulation of locomotion 0.1058924 5.294618 11 2.077581 0.22 0.01404515 1 834 4.136503 13 3.142751 0.1413043 0.01558753 0.0002331164 0.4012603265
GO:0009597 detection of virus 0.0002831514 0.01415757 1 70.63359 0.02 0.0140598 1 5 0.02479918 1 40.32391 0.01086957 0.2 0.02455702 1
GO:0010716 negative regulation of extracellular matrix disassembly 0.0002849799 0.01424899 1 70.18039 0.02 0.01414996 1 4 0.01983934 1 50.40489 0.01086957 0.25 0.01969381 1
GO:0033590 response to cobalamin 0.00028796 0.014398 1 69.4541 0.02 0.01429689 1 4 0.01983934 1 50.40489 0.01086957 0.25 0.01969381 1
GO:1903281 positive regulation of calcium:sodium antiporter activity 0.0002937551 0.01468776 1 68.08392 0.02 0.01458254 1 2 0.009919672 1 100.8098 0.01086957 0.5 0.009895338 1
GO:0097498 endothelial tube lumen extension 0.000296789 0.01483945 1 67.38794 0.02 0.01473206 1 2 0.009919672 1 100.8098 0.01086957 0.5 0.009895338 1
GO:0044861 protein transport into plasma membrane raft 0.0002995632 0.01497816 1 66.76387 0.02 0.01486876 1 2 0.009919672 1 100.8098 0.01086957 0.5 0.009895338 1
GO:1902741 positive regulation of interferon-alpha secretion 0.000299927 0.01499635 1 66.68288 0.02 0.01488668 1 6 0.02975902 1 33.60326 0.01086957 0.1666667 0.02939636 1
GO:0051338 regulation of transferase activity 0.1068234 5.341171 11 2.059474 0.22 0.01492783 1 992 4.920157 11 2.235701 0.1195652 0.01108871 0.009905715 1
GO:1903279 regulation of calcium:sodium antiporter activity 0.0003087411 0.01543705 1 64.7792 0.02 0.01532086 1 3 0.01487951 1 67.20652 0.01086957 0.3333333 0.01480662 1
GO:0051270 regulation of cellular component movement 0.1076365 5.381826 11 2.043916 0.22 0.01573303 1 838 4.156343 13 3.12775 0.1413043 0.01551313 0.0002442056 0.4012603265
GO:0033594 response to hydroxyisoflavone 0.0003238277 0.01619138 1 61.76125 0.02 0.01606359 1 4 0.01983934 1 50.40489 0.01086957 0.25 0.01969381 1
GO:0039528 cytoplasmic pattern recognition receptor signaling pathway in response to virus 0.0003265613 0.01632807 1 61.24424 0.02 0.01619811 1 6 0.02975902 1 33.60326 0.01086957 0.1666667 0.02939636 1
GO:0035725 sodium ion transmembrane transport 0.01063419 0.5317097 3 5.642177 0.06 0.01625535 1 105 0.5207828 3 5.760559 0.0326087 0.02857143 0.01538257 1
GO:1903053 regulation of extracellular matrix organization 0.00388731 0.1943655 2 10.28989 0.04 0.01635903 1 31 0.1537549 2 13.00771 0.02173913 0.06451613 0.01030542 1
GO:0045165 cell fate commitment 0.04119359 2.059679 6 2.913075 0.12 0.01643684 1 226 1.120923 6 5.352732 0.06521739 0.02654867 0.0009126889 0.57129979002381
GO:0021987 cerebral cortex development 0.01956322 0.9781609 4 4.089307 0.08 0.01651567 1 109 0.5406221 4 7.398883 0.04347826 0.03669725 0.00211978 0.819544355882353
GO:1903533 regulation of protein targeting 0.02988388 1.494194 5 3.346286 0.1 0.01655889 1 300 1.487951 5 3.360326 0.05434783 0.01666667 0.01680006 1
GO:1904220 regulation of serine C-palmitoyltransferase activity 0.0003429382 0.01714691 1 58.31954 0.02 0.01700363 1 4 0.01983934 1 50.40489 0.01086957 0.25 0.01969381 1
GO:1903959 regulation of anion transmembrane transport 0.00399213 0.1996065 2 10.01971 0.04 0.01719613 1 38 0.1884738 2 10.61156 0.02173913 0.05263158 0.01523472 1
GO:0021757 caudate nucleus development 0.0003470698 0.01735349 1 57.62529 0.02 0.01720675 1 1 0.004959836 1 201.6196 0.01086957 1 0.004959836 1
GO:0021758 putamen development 0.0003470698 0.01735349 1 57.62529 0.02 0.01720675 1 1 0.004959836 1 201.6196 0.01086957 1 0.004959836 1
GO:0042306 regulation of protein import into nucleus 0.01983029 0.9915144 4 4.034233 0.08 0.01726859 1 171 0.848132 4 4.716247 0.04347826 0.02339181 0.01039258 1
GO:0010631 epithelial cell migration 0.0109051 0.5452548 3 5.502015 0.06 0.01736599 1 78 0.3868672 3 7.754599 0.0326087 0.03846154 0.006868644 1
GO:0051455 attachment of spindle microtubules to kinetochore involved in homologous chromosome segregation 0.0003523237 0.01761618 1 56.76599 0.02 0.01746497 1 1 0.004959836 1 201.6196 0.01086957 1 0.004959836 1
GO:0021537 telencephalon development 0.04186034 2.093017 6 2.866675 0.12 0.01765148 1 235 1.165561 6 5.147734 0.06521739 0.02553191 0.001116324 0.628066583269231
GO:1904903 ESCRT III complex disassembly 0.0003566856 0.01783428 1 56.07179 0.02 0.01767931 1 10 0.04959836 1 20.16196 0.01086957 0.1 0.04851739 1
GO:1904589 regulation of protein import 0.02002633 1.001317 4 3.994741 0.08 0.0178348 1 174 0.8630115 4 4.634933 0.04347826 0.02298851 0.01102437 1
GO:1902031 regulation of NADP metabolic process 0.0003610636 0.01805318 1 55.39191 0.02 0.0178944 1 7 0.03471885 1 28.8028 0.01086957 0.1428571 0.03421195 1
GO:1903288 positive regulation of potassium ion import 0.0003657449 0.01828725 1 54.68292 0.02 0.01812433 1 3 0.01487951 1 67.20652 0.01086957 0.3333333 0.01480662 1
GO:1903278 positive regulation of sodium ion export from cell 0.0003678419 0.01839209 1 54.37119 0.02 0.01822731 1 4 0.01983934 1 50.40489 0.01086957 0.25 0.01969381 1
GO:0002543 activation of blood coagulation via clotting cascade 0.0003720133 0.01860067 1 53.76152 0.02 0.01843214 1 2 0.009919672 1 100.8098 0.01086957 0.5 0.009895338 1
GO:0044860 protein localization to plasma membrane raft 0.0003742682 0.01871341 1 53.43762 0.02 0.01854284 1 4 0.01983934 1 50.40489 0.01086957 0.25 0.01969381 1
GO:0080184 response to phenylpropanoid 0.0003754785 0.01877392 1 53.26537 0.02 0.01860225 1 5 0.02479918 1 40.32391 0.01086957 0.2 0.02455702 1
GO:0044763 single-organism cellular process 0.7244805 36.22403 43 1.187057 0.86 0.01865069 1 9908 49.14206 59 1.200601 0.6413043 0.005954784 0.02426264 1
GO:0090132 epithelium migration 0.0112531 0.5626552 3 5.331862 0.06 0.01885389 1 80 0.3967869 3 7.560734 0.0326087 0.0375 0.007365477 1
GO:0070201 regulation of establishment of protein localization 0.08177825 4.088913 9 2.201074 0.18 0.0189644 1 802 3.977789 9 2.262564 0.09782609 0.01122195 0.01792493 1
GO:0040011 locomotion 0.1411391 7.056957 13 1.842154 0.26 0.01905382 1 1138 5.644293 13 2.303211 0.1413043 0.01142355 0.003963508 1
GO:0048745 smooth muscle tissue development 0.004217347 0.2108673 2 9.484637 0.04 0.01905517 1 20 0.09919672 2 20.16196 0.02173913 0.1 0.004362287 1
GO:0008283 cell proliferation 0.08185968 4.092984 9 2.198885 0.18 0.01907578 1 680 3.372689 9 2.668494 0.09782609 0.01323529 0.006574287 1
GO:0042325 regulation of phosphorylation 0.1570415 7.852073 14 1.782969 0.28 0.01921019 1 1464 7.2612 14 1.928056 0.1521739 0.009562842 0.01285843 1
GO:0050678 regulation of epithelial cell proliferation 0.04269094 2.134547 6 2.810901 0.12 0.01925011 1 290 1.438352 6 4.171439 0.06521739 0.02068966 0.003214418 1
GO:0051316 attachment of spindle microtubules to kinetochore involved in meiotic chromosome segregation 0.000391329 0.01956645 1 51.10789 0.02 0.01938003 1 2 0.009919672 1 100.8098 0.01086957 0.5 0.009895338 1
GO:1904469 positive regulation of tumor necrosis factor secretion 0.000391487 0.01957435 1 51.08726 0.02 0.01938777 1 8 0.03967869 1 25.20245 0.01086957 0.125 0.03900391 1
GO:1901381 positive regulation of potassium ion transmembrane transport 0.004259653 0.2129826 2 9.390437 0.04 0.01941346 1 33 0.1636746 2 12.21937 0.02173913 0.06060606 0.01162687 1
GO:0010907 positive regulation of glucose metabolic process 0.004305862 0.2152931 2 9.289662 0.04 0.01980805 1 33 0.1636746 2 12.21937 0.02173913 0.06060606 0.01162687 1
GO:0035556 intracellular signal transduction 0.1579853 7.899267 14 1.772316 0.28 0.02016209 1 1512 7.499272 14 1.866848 0.1521739 0.009259259 0.01664959 1
GO:0044723 single-organism carbohydrate metabolic process 0.03169863 1.584932 5 3.15471 0.1 0.02079063 1 357 1.770661 5 2.823803 0.05434783 0.0140056 0.03244098 1
GO:0038128 ERBB2 signaling pathway 0.004449856 0.2224928 2 8.989055 0.04 0.02105918 1 39 0.1934336 2 10.33946 0.02173913 0.05128205 0.01600696 1
GO:0010710 regulation of collagen catabolic process 0.0004265614 0.02132807 1 46.88657 0.02 0.02110669 1 3 0.01487951 1 67.20652 0.01086957 0.3333333 0.01480662 1
GO:0007507 heart development 0.0694704 3.47352 8 2.303139 0.16 0.02113383 1 466 2.311284 8 3.46128 0.08695652 0.01716738 0.002202074 0.827036078
GO:0002194 hepatocyte cell migration 0.0004277629 0.02138814 1 46.75487 0.02 0.02116552 1 1 0.004959836 1 201.6196 0.01086957 1 0.004959836 1
GO:0043049 otic placode formation 0.0004277629 0.02138814 1 46.75487 0.02 0.02116552 1 1 0.004959836 1 201.6196 0.01086957 1 0.004959836 1
GO:0061114 branching involved in pancreas morphogenesis 0.0004277629 0.02138814 1 46.75487 0.02 0.02116552 1 1 0.004959836 1 201.6196 0.01086957 1 0.004959836 1
GO:0090425 acinar cell differentiation 0.0004277629 0.02138814 1 46.75487 0.02 0.02116552 1 1 0.004959836 1 201.6196 0.01086957 1 0.004959836 1
GO:2000979 positive regulation of forebrain neuron differentiation 0.0004277629 0.02138814 1 46.75487 0.02 0.02116552 1 1 0.004959836 1 201.6196 0.01086957 1 0.004959836 1
GO:0046488 phosphatidylinositol metabolic process 0.02114087 1.057043 4 3.78414 0.08 0.02127489 1 211 1.046525 4 3.822172 0.04347826 0.01895735 0.02090849 1
GO:0071364 cellular response to epidermal growth factor stimulus 0.004476887 0.2238443 2 8.934781 0.04 0.02129765 1 38 0.1884738 2 10.61156 0.02173913 0.05263158 0.01523472 1
GO:0055067 monovalent inorganic cation homeostasis 0.01185626 0.5928131 3 5.060617 0.06 0.02159612 1 132 0.6546984 3 4.582263 0.0326087 0.02272727 0.02795819 1
GO:0050714 positive regulation of protein secretion 0.02140723 1.070361 4 3.737055 0.08 0.02215349 1 231 1.145722 4 3.491248 0.04347826 0.01731602 0.02796619 1
GO:0090130 tissue migration 0.01203333 0.6016665 3 4.986151 0.06 0.0224406 1 87 0.4315057 3 6.952399 0.0326087 0.03448276 0.009269292 1
GO:1903054 negative regulation of extracellular matrix organization 0.0004548257 0.02274128 1 43.97289 0.02 0.02248971 1 6 0.02975902 1 33.60326 0.01086957 0.1666667 0.02939636 1
GO:0002727 regulation of natural killer cell cytokine production 0.0004629257 0.02314628 1 43.20348 0.02 0.0228857 1 2 0.009919672 1 100.8098 0.01086957 0.5 0.009895338 1
GO:0031441 negative regulation of mRNA 3'-end processing 0.0004647612 0.02323806 1 43.03285 0.02 0.02297541 1 9 0.04463852 1 22.40217 0.01086957 0.1111111 0.04377235 1
GO:0043297 apical junction assembly 0.004680186 0.2340093 2 8.546669 0.04 0.02312723 1 41 0.2033533 2 9.835101 0.02173913 0.04878049 0.01760068 1
GO:0030336 negative regulation of cell migration 0.03259778 1.629889 5 3.067694 0.1 0.02312914 1 223 1.106043 5 4.520618 0.05434783 0.02242152 0.005063317 1
GO:0003158 endothelium development 0.01217696 0.6088478 3 4.92734 0.06 0.02313876 1 86 0.4265459 3 7.033241 0.0326087 0.03488372 0.00898143 1
GO:0048596 embryonic camera-type eye morphogenesis 0.004710172 0.2355086 2 8.492259 0.04 0.02340242 1 25 0.1239959 2 16.12957 0.02173913 0.08 0.00677794 1
GO:0042667 auditory receptor cell fate specification 0.0004800952 0.02400476 1 41.6584 0.02 0.02372456 1 1 0.004959836 1 201.6196 0.01086957 1 0.004959836 1
GO:0045609 positive regulation of auditory receptor cell differentiation 0.0004800952 0.02400476 1 41.6584 0.02 0.02372456 1 1 0.004959836 1 201.6196 0.01086957 1 0.004959836 1
GO:0044262 cellular carbohydrate metabolic process 0.01230906 0.615453 3 4.874458 0.06 0.02379133 1 143 0.7092566 3 4.229781 0.0326087 0.02097902 0.03426366 1
GO:0042307 positive regulation of protein import into nucleus 0.01238121 0.6190607 3 4.846051 0.06 0.02415197 1 98 0.4860639 3 6.172028 0.0326087 0.03061224 0.01279305 1
GO:0070849 response to epidermal growth factor 0.004831044 0.2415522 2 8.279784 0.04 0.0245254 1 42 0.2083131 2 9.600932 0.02173913 0.04761905 0.01842179 1
GO:0090403 oxidative stress-induced premature senescence 0.0004980699 0.0249035 1 40.155 0.02 0.02460201 1 4 0.01983934 1 50.40489 0.01086957 0.25 0.01969381 1
GO:0061589 calcium activated phosphatidylserine scrambling 0.0004990097 0.02495049 1 40.07938 0.02 0.02464787 1 4 0.01983934 1 50.40489 0.01086957 0.25 0.01969381 1
GO:0030902 hindbrain development 0.02215282 1.107641 4 3.611278 0.08 0.02473058 1 141 0.6993369 4 5.719704 0.04347826 0.02836879 0.005332431 1
GO:1904591 positive regulation of protein import 0.01250472 0.6252359 3 4.798189 0.06 0.02477618 1 100 0.4959836 3 6.048587 0.0326087 0.03 0.01350508 1
GO:0046619 optic placode formation involved in camera-type eye formation 0.0005045207 0.02522604 1 39.64158 0.02 0.02491673 1 2 0.009919672 1 100.8098 0.01086957 0.5 0.009895338 1
GO:0009956 radial pattern formation 0.0005059407 0.02529703 1 39.53032 0.02 0.02498599 1 1 0.004959836 1 201.6196 0.01086957 1 0.004959836 1
GO:0021813 cell-cell adhesion involved in neuronal-glial interactions involved in cerebral cortex radial glia guided migration 0.0005078167 0.02539084 1 39.38429 0.02 0.02507749 1 1 0.004959836 1 201.6196 0.01086957 1 0.004959836 1
GO:0032596 protein transport into membrane raft 0.0005177271 0.02588635 1 38.63039 0.02 0.02556071 1 5 0.02479918 1 40.32391 0.01086957 0.2 0.02455702 1
GO:0060317 cardiac epithelial to mesenchymal transition 0.004942161 0.247108 2 8.093626 0.04 0.02557696 1 27 0.1339156 2 14.93478 0.02173913 0.07407407 0.007879407 1
GO:1902302 regulation of potassium ion export 0.0005200519 0.02600259 1 38.4577 0.02 0.02567403 1 5 0.02479918 1 40.32391 0.01086957 0.2 0.02455702 1
GO:0051534 negative regulation of NFAT protein import into nucleus 0.0005232982 0.02616491 1 38.21912 0.02 0.02583225 1 5 0.02479918 1 40.32391 0.01086957 0.2 0.02455702 1
GO:0021589 cerebellum structural organization 0.0005271185 0.02635592 1 37.94213 0.02 0.02601841 1 2 0.009919672 1 100.8098 0.01086957 0.5 0.009895338 1
GO:0071918 urea transmembrane transport 0.0005319358 0.02659679 1 37.59852 0.02 0.0262531 1 4 0.01983934 1 50.40489 0.01086957 0.25 0.01969381 1
GO:0001743 optic placode formation 0.0005343584 0.02671792 1 37.42806 0.02 0.02637111 1 3 0.01487951 1 67.20652 0.01086957 0.3333333 0.01480662 1
GO:0030910 olfactory placode formation 0.0005344213 0.02672107 1 37.42366 0.02 0.02637417 1 4 0.01983934 1 50.40489 0.01086957 0.25 0.01969381 1
GO:0033182 regulation of histone ubiquitination 0.0005413659 0.0270683 1 36.94359 0.02 0.02671237 1 9 0.04463852 1 22.40217 0.01086957 0.1111111 0.04377235 1
GO:0010499 proteasomal ubiquitin-independent protein catabolic process 0.0005428977 0.02714489 1 36.83935 0.02 0.02678695 1 4 0.01983934 1 50.40489 0.01086957 0.25 0.01969381 1
GO:0038083 peptidyl-tyrosine autophosphorylation 0.00507874 0.253937 2 7.875969 0.04 0.02689434 1 47 0.2331123 2 8.579556 0.02173913 0.04255319 0.02276294 1
GO:1903286 regulation of potassium ion import 0.0005475372 0.02737686 1 36.5272 0.02 0.0270128 1 4 0.01983934 1 50.40489 0.01086957 0.25 0.01969381 1
GO:0014066 regulation of phosphatidylinositol 3-kinase signaling 0.01294833 0.6474163 3 4.633803 0.06 0.02709014 1 95 0.4711844 3 6.366934 0.0326087 0.03157895 0.01176646 1
GO:0007420 brain development 0.1018967 5.094837 10 1.962771 0.2 0.02754417 1 672 3.33301 11 3.30032 0.1195652 0.01636905 0.0004862869 0.57129979002381
GO:0061026 cardiac muscle tissue regeneration 0.0005628439 0.0281422 1 35.53383 0.02 0.0277576 1 1 0.004959836 1 201.6196 0.01086957 1 0.004959836 1
GO:0070309 lens fiber cell morphogenesis 0.0005700122 0.02850061 1 35.08697 0.02 0.0281062 1 5 0.02479918 1 40.32391 0.01086957 0.2 0.02455702 1
GO:2000146 negative regulation of cell motility 0.03435058 1.717529 5 2.911159 0.1 0.02816792 1 239 1.185401 5 4.217983 0.05434783 0.0209205 0.006752874 1
GO:0021551 central nervous system morphogenesis 0.0005714745 0.02857372 1 34.99719 0.02 0.02817729 1 2 0.009919672 1 100.8098 0.01086957 0.5 0.009895338 1
GO:1900180 regulation of protein localization to nucleus 0.02307966 1.153983 4 3.466255 0.08 0.02817913 1 221 1.096124 4 3.649223 0.04347826 0.01809955 0.02428121 1
GO:0046887 positive regulation of hormone secretion 0.01331199 0.6655993 3 4.507216 0.06 0.02907087 1 119 0.5902205 3 5.082846 0.0326087 0.02521008 0.02138767 1
GO:0021812 neuronal-glial interaction involved in cerebral cortex radial glia guided migration 0.00059078 0.029539 1 33.85355 0.02 0.02911547 1 2 0.009919672 1 100.8098 0.01086957 0.5 0.009895338 1
GO:0097325 melanocyte proliferation 0.0005922346 0.02961173 1 33.7704 0.02 0.02918611 1 2 0.009919672 1 100.8098 0.01086957 0.5 0.009895338 1
GO:1903044 protein localization to membrane raft 0.0006011147 0.03005573 1 33.27152 0.02 0.02961732 1 8 0.03967869 1 25.20245 0.01086957 0.125 0.03900391 1
GO:0036376 sodium ion export from cell 0.0006012814 0.03006407 1 33.2623 0.02 0.02962541 1 7 0.03471885 1 28.8028 0.01086957 0.1428571 0.03421195 1
GO:0015840 urea transport 0.0006034237 0.03017119 1 33.14421 0.02 0.02972942 1 6 0.02975902 1 33.60326 0.01086957 0.1666667 0.02939636 1
GO:0071985 multivesicular body sorting pathway 0.0006145636 0.03072818 1 32.54342 0.02 0.03027003 1 10 0.04959836 1 20.16196 0.01086957 0.1 0.04851739 1
GO:0045937 positive regulation of phosphate metabolic process 0.1187414 5.937072 11 1.852765 0.22 0.03036232 1 1095 5.431021 11 2.025402 0.1195652 0.01004566 0.01945386 1
GO:0019725 cellular homeostasis 0.07449926 3.724963 8 2.147672 0.16 0.03053173 1 773 3.833953 8 2.086619 0.08695652 0.01034929 0.03797971 1
GO:0021587 cerebellum morphogenesis 0.005445472 0.2722736 2 7.345552 0.04 0.03056421 1 36 0.1785541 2 11.20109 0.02173913 0.05555556 0.01374036 1
GO:1900264 positive regulation of DNA-directed DNA polymerase activity 0.0006247574 0.03123787 1 32.01243 0.02 0.03076447 1 6 0.02975902 1 33.60326 0.01086957 0.1666667 0.02939636 1
GO:0072574 hepatocyte proliferation 0.0006248968 0.03124484 1 32.00528 0.02 0.03077123 1 3 0.01487951 1 67.20652 0.01086957 0.3333333 0.01480662 1
GO:0003209 cardiac atrium morphogenesis 0.005498369 0.2749185 2 7.274884 0.04 0.03110916 1 31 0.1537549 2 13.00771 0.02173913 0.06451613 0.01030542 1
GO:0070072 vacuolar proton-transporting V-type ATPase complex assembly 0.000635417 0.03177085 1 31.47539 0.02 0.03128124 1 10 0.04959836 1 20.16196 0.01086957 0.1 0.04851739 1
GO:0033523 histone H2B ubiquitination 0.0006383447 0.03191723 1 31.33104 0.02 0.03142313 1 10 0.04959836 1 20.16196 0.01086957 0.1 0.04851739 1
GO:0045787 positive regulation of cell cycle 0.03542827 1.771413 5 2.822605 0.1 0.03159019 1 357 1.770661 5 2.823803 0.05434783 0.0140056 0.03244098 1
GO:0006108 malate metabolic process 0.0006427216 0.03213608 1 31.11767 0.02 0.03163521 1 8 0.03967869 1 25.20245 0.01086957 0.125 0.03900391 1
GO:1900182 positive regulation of protein localization to nucleus 0.01376693 0.6883465 3 4.35827 0.06 0.03165479 1 131 0.6497385 3 4.617242 0.0326087 0.02290076 0.02741877 1
GO:0046822 regulation of nucleocytoplasmic transport 0.02395326 1.197663 4 3.339838 0.08 0.03168165 1 215 1.066365 4 3.751062 0.04347826 0.01860465 0.02222048 1
GO:0051301 cell division 0.04793743 2.396871 6 2.503263 0.12 0.03169561 1 484 2.400561 6 2.499416 0.06521739 0.01239669 0.03327214 1
GO:0043268 positive regulation of potassium ion transport 0.005574568 0.2787284 2 7.175444 0.04 0.03190095 1 40 0.1983934 2 10.08098 0.02173913 0.05 0.01679567 1
GO:0046854 phosphatidylinositol phosphorylation 0.01384362 0.6921809 3 4.334127 0.06 0.03210194 1 98 0.4860639 3 6.172028 0.0326087 0.03061224 0.01279305 1
GO:0060214 endocardium formation 0.0006525701 0.03262851 1 30.64805 0.02 0.03211225 1 4 0.01983934 1 50.40489 0.01086957 0.25 0.01969381 1
GO:0060369 positive regulation of Fc receptor mediated stimulatory signaling pathway 0.0006537605 0.03268802 1 30.59224 0.02 0.03216989 1 4 0.01983934 1 50.40489 0.01086957 0.25 0.01969381 1
GO:0055005 ventricular cardiac myofibril assembly 0.0006587466 0.03293733 1 30.36069 0.02 0.0324113 1 3 0.01487951 1 67.20652 0.01086957 0.3333333 0.01480662 1
GO:0042327 positive regulation of phosphorylation 0.1047827 5.239134 10 1.908712 0.2 0.03262126 1 971 4.816001 10 2.076412 0.1086957 0.01029866 0.02193997 1
GO:0050679 positive regulation of epithelial cell proliferation 0.02436309 1.218155 4 3.283656 0.08 0.03340992 1 165 0.818373 4 4.887747 0.04347826 0.02424242 0.009200607 1
GO:0032465 regulation of cytokinesis 0.005797772 0.2898886 2 6.899202 0.04 0.0342658 1 66 0.3273492 2 6.109684 0.02173913 0.03030303 0.04252397 1
GO:0048936 peripheral nervous system neuron axonogenesis 0.000698481 0.03492405 1 28.63356 0.02 0.03433303 1 3 0.01487951 1 67.20652 0.01086957 0.3333333 0.01480662 1
GO:0070295 renal water absorption 0.0007032927 0.03516464 1 28.43766 0.02 0.03456549 1 4 0.01983934 1 50.40489 0.01086957 0.25 0.01969381 1
GO:0046824 positive regulation of nucleocytoplasmic transport 0.01426976 0.7134879 3 4.204697 0.06 0.0346472 1 119 0.5902205 3 5.082846 0.0326087 0.02521008 0.02138767 1
GO:0060322 head development 0.1060289 5.301444 10 1.886278 0.2 0.03500963 1 711 3.526443 11 3.11929 0.1195652 0.01547117 0.0007757825 0.57129979002381
GO:0019932 second-messenger-mediated signaling 0.02477118 1.238559 4 3.229559 0.08 0.03518516 1 168 0.8332525 4 4.800466 0.04347826 0.02380952 0.009784778 1
GO:0060368 regulation of Fc receptor mediated stimulatory signaling pathway 0.0007197388 0.03598694 1 27.78786 0.02 0.03535961 1 6 0.02975902 1 33.60326 0.01086957 0.1666667 0.02939636 1
GO:0003097 renal water transport 0.0007200617 0.03600309 1 27.7754 0.02 0.03537519 1 5 0.02479918 1 40.32391 0.01086957 0.2 0.02455702 1
GO:0043006 activation of phospholipase A2 activity by calcium-mediated signaling 0.0007237551 0.03618775 1 27.63366 0.02 0.03555344 1 2 0.009919672 1 100.8098 0.01086957 0.5 0.009895338 1
GO:0090400 stress-induced premature senescence 0.0007389469 0.03694734 1 27.06555 0.02 0.03628628 1 8 0.03967869 1 25.20245 0.01086957 0.125 0.03900391 1
GO:0021575 hindbrain morphogenesis 0.005985144 0.2992572 2 6.683214 0.04 0.0363024 1 40 0.1983934 2 10.08098 0.02173913 0.05 0.01679567 1
GO:0051271 negative regulation of cellular component movement 0.03687091 1.843546 5 2.712165 0.1 0.03656866 1 254 1.259798 5 3.968889 0.05434783 0.01968504 0.008664225 1
GO:0002318 myeloid progenitor cell differentiation 0.0007465457 0.03732729 1 26.79005 0.02 0.03665264 1 5 0.02479918 1 40.32391 0.01086957 0.2 0.02455702 1
GO:0051726 regulation of cell cycle 0.1069585 5.347926 10 1.869884 0.2 0.03687091 1 1141 5.659173 11 1.943747 0.1195652 0.009640666 0.02544916 1
GO:0042668 auditory receptor cell fate determination 0.0007512802 0.03756401 1 26.62123 0.02 0.03688083 1 3 0.01487951 1 67.20652 0.01086957 0.3333333 0.01480662 1
GO:0003408 optic cup formation involved in camera-type eye development 0.0007605821 0.03802911 1 26.29565 0.02 0.03732901 1 3 0.01487951 1 67.20652 0.01086957 0.3333333 0.01480662 1
GO:0042531 positive regulation of tyrosine phosphorylation of STAT protein 0.006078424 0.3039212 2 6.580653 0.04 0.03733344 1 60 0.2975902 2 6.720652 0.02173913 0.03333333 0.03576277 1
GO:2000977 regulation of forebrain neuron differentiation 0.0007611147 0.03805574 1 26.27725 0.02 0.03735466 1 4 0.01983934 1 50.40489 0.01086957 0.25 0.01969381 1
GO:0003230 cardiac atrium development 0.006092246 0.3046123 2 6.565723 0.04 0.03748719 1 35 0.1735943 2 11.52112 0.02173913 0.05714286 0.0130186 1
GO:0031076 embryonic camera-type eye development 0.006108387 0.3054193 2 6.548374 0.04 0.03766703 1 37 0.1835139 2 10.89835 0.02173913 0.05405405 0.01447912 1
GO:0032431 activation of phospholipase A2 activity 0.0007679912 0.03839956 1 26.04196 0.02 0.03768584 1 4 0.01983934 1 50.40489 0.01086957 0.25 0.01969381 1
GO:0002860 positive regulation of natural killer cell mediated cytotoxicity directed against tumor cell target 0.0007694363 0.03847182 1 25.99305 0.02 0.03775543 1 7 0.03471885 1 28.8028 0.01086957 0.1428571 0.03421195 1
GO:0045226 extracellular polysaccharide biosynthetic process 0.0007706567 0.03853284 1 25.95189 0.02 0.03781418 1 3 0.01487951 1 67.20652 0.01086957 0.3333333 0.01480662 1
GO:0071657 positive regulation of granulocyte colony-stimulating factor production 0.0007707598 0.03853799 1 25.94842 0.02 0.03781915 1 2 0.009919672 1 100.8098 0.01086957 0.5 0.009895338 1
GO:0048048 embryonic eye morphogenesis 0.006161221 0.3080611 2 6.49222 0.04 0.03825804 1 34 0.1686344 2 11.85997 0.02173913 0.05882353 0.01231405 1
GO:0060100 positive regulation of phagocytosis, engulfment 0.00078097 0.0390485 1 25.60918 0.02 0.03831061 1 9 0.04463852 1 22.40217 0.01086957 0.1111111 0.04377235 1
GO:0010637 negative regulation of mitochondrial fusion 0.0007831739 0.0391587 1 25.53711 0.02 0.03841666 1 6 0.02975902 1 33.60326 0.01086957 0.1666667 0.02939636 1
GO:0033157 regulation of intracellular protein transport 0.03739283 1.869641 5 2.67431 0.1 0.03848357 1 372 1.845059 5 2.70994 0.05434783 0.01344086 0.03769215 1
GO:0035093 spermatogenesis, exchange of chromosomal proteins 0.0007855941 0.0392797 1 25.45844 0.02 0.0385331 1 8 0.03967869 1 25.20245 0.01086957 0.125 0.03900391 1
GO:0060913 cardiac cell fate determination 0.0007917877 0.03958938 1 25.2593 0.02 0.03883104 1 3 0.01487951 1 67.20652 0.01086957 0.3333333 0.01480662 1
GO:0060298 positive regulation of sarcomere organization 0.0007955356 0.03977678 1 25.1403 0.02 0.03901128 1 4 0.01983934 1 50.40489 0.01086957 0.25 0.01969381 1
GO:0010676 positive regulation of cellular carbohydrate metabolic process 0.006229958 0.3114979 2 6.420589 0.04 0.03903229 1 52 0.2579115 2 7.754599 0.02173913 0.03846154 0.02748107 1
GO:0002839 positive regulation of immune response to tumor cell 0.0007963366 0.03981683 1 25.11501 0.02 0.0390498 1 9 0.04463852 1 22.40217 0.01086957 0.1111111 0.04377235 1
GO:0071655 regulation of granulocyte colony-stimulating factor production 0.0007982671 0.03991336 1 25.05427 0.02 0.03914263 1 3 0.01487951 1 67.20652 0.01086957 0.3333333 0.01480662 1
GO:0048143 astrocyte activation 0.0007984628 0.03992314 1 25.04813 0.02 0.03915204 1 8 0.03967869 1 25.20245 0.01086957 0.125 0.03900391 1
GO:0032755 positive regulation of interleukin-6 production 0.006264717 0.3132359 2 6.384965 0.04 0.0394261 1 70 0.3471885 2 5.760559 0.02173913 0.02857143 0.04727522 1
GO:0048762 mesenchymal cell differentiation 0.02573176 1.286588 4 3.108998 0.08 0.03957868 1 130 0.6447787 4 6.203679 0.04347826 0.03076923 0.004000398 1
GO:0006338 chromatin remodeling 0.01509159 0.7545794 3 3.975725 0.06 0.0398442 1 161 0.7985336 3 3.756886 0.0326087 0.01863354 0.04603112 1
GO:0032730 positive regulation of interleukin-1 alpha production 0.0008170995 0.04085498 1 24.47682 0.02 0.04004769 1 6 0.02975902 1 33.60326 0.01086957 0.1666667 0.02939636 1
GO:0090276 regulation of peptide hormone secretion 0.02583934 1.291967 4 3.096054 0.08 0.04008957 1 201 0.9969271 4 4.01233 0.04347826 0.0199005 0.01784173 1
GO:0045794 negative regulation of cell volume 0.0008243391 0.04121695 1 24.26186 0.02 0.0403954 1 5 0.02479918 1 40.32391 0.01086957 0.2 0.02455702 1
GO:0046834 lipid phosphorylation 0.01525012 0.762506 3 3.934395 0.06 0.04089006 1 110 0.545582 3 5.498715 0.0326087 0.02727273 0.01740019 1
GO:0002791 regulation of peptide secretion 0.02611838 1.305919 4 3.062978 0.08 0.04143239 1 205 1.016766 4 3.93404 0.04347826 0.0195122 0.01903218 1
GO:0072576 liver morphogenesis 0.0008466132 0.04233066 1 23.62354 0.02 0.04146441 1 4 0.01983934 1 50.40489 0.01086957 0.25 0.01969381 1
GO:0002858 regulation of natural killer cell mediated cytotoxicity directed against tumor cell target 0.0008479273 0.04239636 1 23.58693 0.02 0.04152744 1 9 0.04463852 1 22.40217 0.01086957 0.1111111 0.04377235 1
GO:0043549 regulation of kinase activity 0.0940554 4.70277 9 1.913766 0.18 0.04182119 1 828 4.106744 9 2.191517 0.09782609 0.01086957 0.02155234 1
GO:0090087 regulation of peptide transport 0.02620845 1.310422 4 3.052451 0.08 0.04187131 1 207 1.026686 4 3.89603 0.04347826 0.01932367 0.01964547 1
GO:0040013 negative regulation of locomotion 0.03832654 1.916327 5 2.609158 0.1 0.04206217 1 268 1.329236 5 3.761559 0.05434783 0.01865672 0.01076009 1
GO:0060414 aorta smooth muscle tissue morphogenesis 0.0008665695 0.04332848 1 23.07951 0.02 0.0424212 1 3 0.01487951 1 67.20652 0.01086957 0.3333333 0.01480662 1
GO:0030240 skeletal muscle thin filament assembly 0.0008681076 0.04340538 1 23.03862 0.02 0.0424949 1 6 0.02975902 1 33.60326 0.01086957 0.1666667 0.02939636 1
GO:0097477 lateral motor column neuron migration 0.0008915675 0.04457838 1 22.4324 0.02 0.04361838 1 3 0.01487951 1 67.20652 0.01086957 0.3333333 0.01480662 1
GO:0043653 mitochondrial fragmentation involved in apoptotic process 0.0008934942 0.04467471 1 22.38403 0.02 0.04371059 1 9 0.04463852 1 22.40217 0.01086957 0.1111111 0.04377235 1
GO:2000366 positive regulation of STAT protein import into nucleus 0.0008942837 0.04471419 1 22.36427 0.02 0.04374837 1 5 0.02479918 1 40.32391 0.01086957 0.2 0.02455702 1
GO:0042509 regulation of tyrosine phosphorylation of STAT protein 0.006667139 0.333357 2 5.999575 0.04 0.04409501 1 70 0.3471885 2 5.760559 0.02173913 0.02857143 0.04727522 1
GO:0090316 positive regulation of intracellular protein transport 0.02669619 1.334809 4 2.996683 0.08 0.04429436 1 259 1.284598 4 3.113816 0.04347826 0.01544402 0.03998191 1
GO:0060244 negative regulation of cell proliferation involved in contact inhibition 0.0009087531 0.04543766 1 22.00818 0.02 0.04444057 1 4 0.01983934 1 50.40489 0.01086957 0.25 0.01969381 1
GO:2000480 negative regulation of cAMP-dependent protein kinase activity 0.0009107819 0.04553909 1 21.95915 0.02 0.04453758 1 8 0.03967869 1 25.20245 0.01086957 0.125 0.03900391 1
GO:0044264 cellular polysaccharide metabolic process 0.006705262 0.3352631 2 5.965464 0.04 0.04454757 1 66 0.3273492 2 6.109684 0.02173913 0.03030303 0.04252397 1
GO:0014706 striated muscle tissue development 0.03895142 1.947571 5 2.567301 0.1 0.04456737 1 269 1.334196 5 3.747576 0.05434783 0.01858736 0.01092194 1
GO:0070141 response to UV-A 0.0009118754 0.04559377 1 21.93282 0.02 0.04458987 1 6 0.02975902 1 33.60326 0.01086957 0.1666667 0.02939636 1
GO:0003160 endocardium morphogenesis 0.0009130853 0.04565427 1 21.90376 0.02 0.04464772 1 6 0.02975902 1 33.60326 0.01086957 0.1666667 0.02939636 1
GO:0032760 positive regulation of tumor necrosis factor production 0.006718877 0.3359438 2 5.953376 0.04 0.04470962 1 64 0.3174295 2 6.300611 0.02173913 0.03125 0.0402203 1
GO:0051315 attachment of mitotic spindle microtubules to kinetochore 0.000918097 0.04590485 1 21.78419 0.02 0.0448873 1 9 0.04463852 1 22.40217 0.01086957 0.1111111 0.04377235 1
GO:0021522 spinal cord motor neuron differentiation 0.006736722 0.3368361 2 5.937606 0.04 0.04492234 1 33 0.1636746 2 12.21937 0.02173913 0.06060606 0.01162687 1
GO:0010596 negative regulation of endothelial cell migration 0.006740716 0.3370358 2 5.934087 0.04 0.04497002 1 43 0.213273 2 9.377654 0.02173913 0.04651163 0.01925884 1
GO:0072359 circulatory system development 0.1107701 5.538506 10 1.805541 0.2 0.04523966 1 790 3.918271 10 2.552146 0.1086957 0.01265823 0.005726999 1
GO:0032729 positive regulation of interferon-gamma production 0.006779743 0.3389872 2 5.899928 0.04 0.04543677 1 62 0.3075098 2 6.503857 0.02173913 0.03225806 0.03796617 1
GO:0051050 positive regulation of transport 0.0955203 4.776015 9 1.884416 0.18 0.04544984 1 958 4.751523 9 1.89413 0.09782609 0.009394572 0.04789122 1
GO:0061590 calcium activated phosphatidylcholine scrambling 0.0009305561 0.04652781 1 21.49252 0.02 0.04548266 1 5 0.02479918 1 40.32391 0.01086957 0.2 0.02455702 1
GO:0061591 calcium activated galactosylceramide scrambling 0.0009305561 0.04652781 1 21.49252 0.02 0.04548266 1 5 0.02479918 1 40.32391 0.01086957 0.2 0.02455702 1
GO:1903557 positive regulation of tumor necrosis factor superfamily cytokine production 0.006794263 0.3397132 2 5.88732 0.04 0.04561089 1 66 0.3273492 2 6.109684 0.02173913 0.03030303 0.04252397 1
GO:0032594 protein transport within lipid bilayer 0.0009336889 0.04668445 1 21.42041 0.02 0.0456323 1 8 0.03967869 1 25.20245 0.01086957 0.125 0.03900391 1
GO:0070858 negative regulation of bile acid biosynthetic process 0.0009434039 0.0471702 1 21.19983 0.02 0.04609621 1 4 0.01983934 1 50.40489 0.01086957 0.25 0.01969381 1
GO:0061113 pancreas morphogenesis 0.0009551386 0.04775693 1 20.93937 0.02 0.04665626 1 4 0.01983934 1 50.40489 0.01086957 0.25 0.01969381 1
GO:0060421 positive regulation of heart growth 0.006888646 0.3444323 2 5.806656 0.04 0.04674877 1 34 0.1686344 2 11.85997 0.02173913 0.05882353 0.01231405 1
GO:1900127 positive regulation of hyaluronan biosynthetic process 0.0009584797 0.04792398 1 20.86638 0.02 0.04681566 1 4 0.01983934 1 50.40489 0.01086957 0.25 0.01969381 1
GO:0002053 positive regulation of mesenchymal cell proliferation 0.006920481 0.346024 2 5.779945 0.04 0.04713494 1 28 0.1388754 2 14.4014 0.02173913 0.07142857 0.008458318 1
GO:0030213 hyaluronan biosynthetic process 0.0009691956 0.04845978 1 20.63567 0.02 0.04732673 1 7 0.03471885 1 28.8028 0.01086957 0.1428571 0.03421195 1
GO:0032650 regulation of interleukin-1 alpha production 0.0009704198 0.04852099 1 20.60964 0.02 0.0473851 1 7 0.03471885 1 28.8028 0.01086957 0.1428571 0.03421195 1
GO:1901185 negative regulation of ERBB signaling pathway 0.006980932 0.3490466 2 5.729894 0.04 0.04787147 1 54 0.2678311 2 7.467391 0.02173913 0.03703704 0.02946921 1
GO:0014866 skeletal myofibril assembly 0.0009871633 0.04935817 1 20.26007 0.02 0.04818305 1 8 0.03967869 1 25.20245 0.01086957 0.125 0.03900391 1
GO:0090074 negative regulation of protein homodimerization activity 0.0009923473 0.04961736 1 20.15424 0.02 0.04842997 1 5 0.02479918 1 40.32391 0.01086957 0.2 0.02455702 1
GO:0060113 inner ear receptor cell differentiation 0.007055018 0.3527509 2 5.669723 0.04 0.04877993 1 48 0.2380721 2 8.400815 0.02173913 0.04166667 0.02367708 1
GO:0060059 embryonic retina morphogenesis in camera-type eye 0.001007957 0.05039785 1 19.84212 0.02 0.04917311 1 8 0.03967869 1 25.20245 0.01086957 0.125 0.03900391 1
GO:0090500 endocardial cushion to mesenchymal transition 0.001008562 0.0504281 1 19.83021 0.02 0.0492019 1 4 0.01983934 1 50.40489 0.01086957 0.25 0.01969381 1
GO:0005976 polysaccharide metabolic process 0.007095866 0.3547933 2 5.637085 0.04 0.04928351 1 72 0.3571082 2 5.600543 0.02173913 0.02777778 0.0497205 1
GO:0031659 positive regulation of cyclin-dependent protein serine/threonine kinase activity involved in G1/S transition of mitotic cell cycle 0.001018628 0.05093138 1 19.63426 0.02 0.04968078 1 7 0.03471885 1 28.8028 0.01086957 0.1428571 0.03421195 1
GO:0003205 cardiac chamber development 0.02782366 1.391183 4 2.875251 0.08 0.05019479 1 154 0.7638148 4 5.236872 0.04347826 0.02597403 0.007254887 1
GO:0021524 visceral motor neuron differentiation 0.001032418 0.05162088 1 19.37201 0.02 0.05033647 1 3 0.01487951 1 67.20652 0.01086957 0.3333333 0.01480662 1
GO:0031657 regulation of cyclin-dependent protein serine/threonine kinase activity involved in G1/S transition of mitotic cell cycle 0.00103294 0.05164698 1 19.36222 0.02 0.05036129 1 8 0.03967869 1 25.20245 0.01086957 0.125 0.03900391 1
GO:1900125 regulation of hyaluronan biosynthetic process 0.001040966 0.05204831 1 19.21292 0.02 0.05074273 1 7 0.03471885 1 28.8028 0.01086957 0.1428571 0.03421195 1
GO:0098582 innate vocalization behavior 0.001046041 0.05230204 1 19.11971 0.02 0.0509838 1 2 0.009919672 1 100.8098 0.01086957 0.5 0.009895338 1
GO:1900625 positive regulation of monocyte aggregation 0.001046549 0.05232747 1 19.11042 0.02 0.05100796 1 3 0.01487951 1 67.20652 0.01086957 0.3333333 0.01480662 1
GO:0009912 auditory receptor cell fate commitment 0.001050194 0.05250972 1 19.04409 0.02 0.05118108 1 6 0.02975902 1 33.60326 0.01086957 0.1666667 0.02939636 1
GO:0034982 mitochondrial protein processing 0.001051894 0.05259468 1 19.01333 0.02 0.05126178 1 9 0.04463852 1 22.40217 0.01086957 0.1111111 0.04377235 1
GO:0032024 positive regulation of insulin secretion 0.007259577 0.3629788 2 5.509963 0.04 0.05132082 1 68 0.3372689 2 5.929987 0.02173913 0.02941176 0.044876 1
GO:0010748 negative regulation of plasma membrane long-chain fatty acid transport 0.001055379 0.05276895 1 18.95054 0.02 0.05142727 1 4 0.01983934 1 50.40489 0.01086957 0.25 0.01969381 1
GO:0001932 regulation of protein phosphorylation 0.1456565 7.282824 12 1.647712 0.24 0.05212848 1 1342 6.6561 12 1.802858 0.1304348 0.008941878 0.03313476 1
GO:0045899 positive regulation of RNA polymerase II transcriptional preinitiation complex assembly 0.001085905 0.05429524 1 18.41782 0.02 0.05287552 1 10 0.04959836 1 20.16196 0.01086957 0.1 0.04851739 1
GO:0097476 spinal cord motor neuron migration 0.001114537 0.05572686 1 17.94467 0.02 0.05423196 1 4 0.01983934 1 50.40489 0.01086957 0.25 0.01969381 1
GO:0007417 central nervous system development 0.1303336 6.516679 11 1.687976 0.22 0.05432667 1 873 4.329937 12 2.771403 0.1304348 0.0137457 0.001242277 0.628066583269231
GO:1903800 positive regulation of production of miRNAs involved in gene silencing by miRNA 0.001123921 0.05619604 1 17.79485 0.02 0.05467609 1 8 0.03967869 1 25.20245 0.01086957 0.125 0.03900391 1
GO:0048665 neuron fate specification 0.007535807 0.3767903 2 5.307992 0.04 0.05482617 1 33 0.1636746 2 12.21937 0.02173913 0.06060606 0.01162687 1
GO:0046427 positive regulation of JAK-STAT cascade 0.007568756 0.3784378 2 5.284884 0.04 0.05524987 1 72 0.3571082 2 5.600543 0.02173913 0.02777778 0.0497205 1
GO:0001755 neural crest cell migration 0.007587931 0.3793966 2 5.271529 0.04 0.05549699 1 36 0.1785541 2 11.20109 0.02173913 0.05555556 0.01374036 1
GO:0032430 positive regulation of phospholipase A2 activity 0.001148312 0.05741561 1 17.41687 0.02 0.05582958 1 5 0.02479918 1 40.32391 0.01086957 0.2 0.02455702 1
GO:0022008 neurogenesis 0.2154928 10.77464 16 1.484969 0.32 0.05667934 1 1478 7.330638 16 2.18262 0.173913 0.01082544 0.00234909 0.8577441125
GO:0060537 muscle tissue development 0.0417247 2.086235 5 2.396662 0.1 0.05676457 1 283 1.403634 5 3.562183 0.05434783 0.01766784 0.01336566 1
GO:0006928 movement of cell or subcellular component 0.1642167 8.210834 13 1.583274 0.26 0.0567675 1 1392 6.904092 13 1.882941 0.1413043 0.00933908 0.01962594 1
GO:2000573 positive regulation of DNA biosynthetic process 0.007754511 0.3877256 2 5.158288 0.04 0.05766029 1 64 0.3174295 2 6.300611 0.02173913 0.03125 0.0402203 1
GO:0055010 ventricular cardiac muscle tissue morphogenesis 0.007818268 0.3909134 2 5.116223 0.04 0.05849603 1 48 0.2380721 2 8.400815 0.02173913 0.04166667 0.02367708 1
GO:0035630 bone mineralization involved in bone maturation 0.001214586 0.06072929 1 16.46652 0.02 0.05895677 1 5 0.02479918 1 40.32391 0.01086957 0.2 0.02455702 1
GO:0071385 cellular response to glucocorticoid stimulus 0.007855072 0.3927536 2 5.092251 0.04 0.05898042 1 61 0.30255 2 6.610478 0.02173913 0.03278689 0.03685805 1
GO:0009653 anatomical structure morphogenesis 0.2522197 12.61099 18 1.427327 0.36 0.05946066 1 1976 9.800636 18 1.836615 0.1956522 0.009109312 0.007762216 1
GO:1901978 positive regulation of cell cycle checkpoint 0.0012343 0.06171498 1 16.20352 0.02 0.05988502 1 10 0.04959836 1 20.16196 0.01086957 0.1 0.04851739 1
GO:0060242 contact inhibition 0.001235268 0.06176342 1 16.19081 0.02 0.05993062 1 9 0.04463852 1 22.40217 0.01086957 0.1111111 0.04377235 1
GO:0021942 radial glia guided migration of Purkinje cell 0.001240697 0.06203486 1 16.11997 0.02 0.06018608 1 5 0.02479918 1 40.32391 0.01086957 0.2 0.02455702 1
GO:0042490 mechanoreceptor differentiation 0.007963529 0.3981764 2 5.022899 0.04 0.06041598 1 53 0.2628713 2 7.608285 0.02173913 0.03773585 0.02846809 1
GO:0071384 cellular response to corticosteroid stimulus 0.007963842 0.3981921 2 5.022701 0.04 0.06042015 1 64 0.3174295 2 6.300611 0.02173913 0.03125 0.0402203 1
GO:0001934 positive regulation of protein phosphorylation 0.1009509 5.047545 9 1.783045 0.18 0.06076639 1 928 4.602728 9 1.955362 0.09782609 0.009698276 0.04049383 1
GO:1902531 regulation of intracellular signal transduction 0.1830652 9.153258 14 1.52951 0.28 0.06129822 1 1776 8.808669 15 1.702868 0.1630435 0.008445946 0.02801687 1
GO:0071436 sodium ion export 0.001279257 0.06396285 1 15.63407 0.02 0.06199856 1 9 0.04463852 1 22.40217 0.01086957 0.1111111 0.04377235 1
GO:0010632 regulation of epithelial cell migration 0.02987589 1.493795 4 2.677744 0.08 0.06200206 1 184 0.9126098 4 4.383034 0.04347826 0.02173913 0.01330779 1
GO:0043542 endothelial cell migration 0.008156552 0.4078276 2 4.904033 0.04 0.06300064 1 58 0.2876705 2 6.952399 0.02173913 0.03448276 0.03361132 1
GO:0036092 phosphatidylinositol-3-phosphate biosynthetic process 0.008228119 0.4114059 2 4.861379 0.04 0.06396849 1 50 0.2479918 2 8.064783 0.02173913 0.04 0.02554992 1
GO:1990573 potassium ion import across plasma membrane 0.001328809 0.06644044 1 15.05107 0.02 0.0643227 1 9 0.04463852 1 22.40217 0.01086957 0.1111111 0.04377235 1
GO:0010265 SCF complex assembly 0.001345932 0.06729658 1 14.8596 0.02 0.06512449 1 6 0.02975902 1 33.60326 0.01086957 0.1666667 0.02939636 1
GO:0048732 gland development 0.05730444 2.865222 6 2.094078 0.12 0.06515622 1 398 1.974015 6 3.039491 0.06521739 0.01507538 0.01427424 1
GO:0031099 regeneration 0.01852414 0.9262072 3 3.239016 0.06 0.0655237 1 152 0.7538951 3 3.979334 0.0326087 0.01973684 0.03992513 1
GO:1901256 regulation of macrophage colony-stimulating factor production 0.001355186 0.06775928 1 14.75813 0.02 0.06555754 1 4 0.01983934 1 50.40489 0.01086957 0.25 0.01969381 1
GO:0051897 positive regulation of protein kinase B signaling 0.01856322 0.9281608 3 3.232199 0.06 0.06585147 1 143 0.7092566 3 4.229781 0.0326087 0.02097902 0.03426366 1
GO:0060501 positive regulation of epithelial cell proliferation involved in lung morphogenesis 0.00137509 0.06875452 1 14.5445 0.02 0.06648835 1 6 0.02975902 1 33.60326 0.01086957 0.1666667 0.02939636 1
GO:0030007 cellular potassium ion homeostasis 0.001397465 0.06987324 1 14.31163 0.02 0.06753356 1 8 0.03967869 1 25.20245 0.01086957 0.125 0.03900391 1
GO:0032000 positive regulation of fatty acid beta-oxidation 0.001403571 0.07017854 1 14.24937 0.02 0.06781859 1 9 0.04463852 1 22.40217 0.01086957 0.1111111 0.04377235 1
GO:0070857 regulation of bile acid biosynthetic process 0.001412504 0.07062518 1 14.15926 0.02 0.06823543 1 10 0.04959836 1 20.16196 0.01086957 0.1 0.04851739 1
GO:1900020 positive regulation of protein kinase C activity 0.00142196 0.071098 1 14.06509 0.02 0.06867651 1 5 0.02479918 1 40.32391 0.01086957 0.2 0.02455702 1
GO:0046622 positive regulation of organ growth 0.008602002 0.4301001 2 4.650081 0.04 0.06910622 1 45 0.2231926 2 8.96087 0.02173913 0.04444444 0.02098006 1
GO:2000192 negative regulation of fatty acid transport 0.001455285 0.07276426 1 13.74301 0.02 0.07022928 1 7 0.03471885 1 28.8028 0.01086957 0.1428571 0.03421195 1
GO:0048568 embryonic organ development 0.05851121 2.925561 6 2.050889 0.12 0.07058516 1 419 2.078171 6 2.887154 0.06521739 0.01431981 0.01794011 1
GO:0055009 atrial cardiac muscle tissue morphogenesis 0.001490641 0.07453203 1 13.41705 0.02 0.07187386 1 7 0.03471885 1 28.8028 0.01086957 0.1428571 0.03421195 1
GO:0021515 cell differentiation in spinal cord 0.00882844 0.441422 2 4.530812 0.04 0.07228245 1 53 0.2628713 2 7.608285 0.02173913 0.03773585 0.02846809 1
GO:0045607 regulation of auditory receptor cell differentiation 0.001509658 0.07548289 1 13.24804 0.02 0.07275729 1 8 0.03967869 1 25.20245 0.01086957 0.125 0.03900391 1
GO:0002024 diet induced thermogenesis 0.001518853 0.07594267 1 13.16783 0.02 0.07318417 1 9 0.04463852 1 22.40217 0.01086957 0.1111111 0.04377235 1
GO:0032836 glomerular basement membrane development 0.00154026 0.07701299 1 12.98482 0.02 0.07417714 1 10 0.04959836 1 20.16196 0.01086957 0.1 0.04851739 1
GO:0003229 ventricular cardiac muscle tissue development 0.008980299 0.4490149 2 4.454195 0.04 0.07443897 1 53 0.2628713 2 7.608285 0.02173913 0.03773585 0.02846809 1
GO:0010635 regulation of mitochondrial fusion 0.001554032 0.07770161 1 12.86975 0.02 0.07481545 1 9 0.04463852 1 22.40217 0.01086957 0.1111111 0.04377235 1
GO:0021795 cerebral cortex cell migration 0.009010157 0.4505078 2 4.439434 0.04 0.07486542 1 42 0.2083131 2 9.600932 0.02173913 0.04761905 0.01842179 1
GO:0010464 regulation of mesenchymal cell proliferation 0.009052296 0.4526148 2 4.418769 0.04 0.07546864 1 36 0.1785541 2 11.20109 0.02173913 0.05555556 0.01374036 1
GO:0048880 sensory system development 0.001577087 0.07885434 1 12.68161 0.02 0.07588299 1 5 0.02479918 1 40.32391 0.01086957 0.2 0.02455702 1
GO:0003279 cardiac septum development 0.01978274 0.9891371 3 3.032946 0.06 0.07646182 1 96 0.4761443 3 6.300611 0.0326087 0.03125 0.01210314 1
GO:0051549 positive regulation of keratinocyte migration 0.001597391 0.07986954 1 12.52042 0.02 0.07682217 1 8 0.03967869 1 25.20245 0.01086957 0.125 0.03900391 1
GO:0051547 regulation of keratinocyte migration 0.001611703 0.08058515 1 12.40923 0.02 0.07748363 1 9 0.04463852 1 22.40217 0.01086957 0.1111111 0.04377235 1
GO:0010633 negative regulation of epithelial cell migration 0.009222073 0.4611037 2 4.337419 0.04 0.07791491 1 59 0.2926303 2 6.834562 0.02173913 0.03389831 0.03468048 1
GO:0060982 coronary artery morphogenesis 0.001635263 0.08176314 1 12.23045 0.02 0.07857147 1 9 0.04463852 1 22.40217 0.01086957 0.1111111 0.04377235 1
GO:0036302 atrioventricular canal development 0.001648064 0.08240322 1 12.13545 0.02 0.07916204 1 7 0.03471885 1 28.8028 0.01086957 0.1428571 0.03421195 1
GO:0060297 regulation of sarcomere organization 0.001690793 0.08453965 1 11.82877 0.02 0.08113053 1 7 0.03471885 1 28.8028 0.01086957 0.1428571 0.03421195 1
GO:0032060 bleb assembly 0.001691729 0.08458643 1 11.82223 0.02 0.08117358 1 10 0.04959836 1 20.16196 0.01086957 0.1 0.04851739 1
GO:0042127 regulation of cell proliferation 0.1739603 8.698014 13 1.494594 0.26 0.08270946 1 1558 7.727425 14 1.811729 0.1521739 0.008985879 0.02104343 1
GO:0010579 positive regulation of adenylate cyclase activity involved in G-protein coupled receptor signaling pathway 0.001735526 0.08677632 1 11.52388 0.02 0.08318696 1 9 0.04463852 1 22.40217 0.01086957 0.1111111 0.04377235 1
GO:0010594 regulation of endothelial cell migration 0.02058197 1.029098 3 2.915173 0.06 0.0838034 1 126 0.6249393 3 4.800466 0.0326087 0.02380952 0.02480657 1
GO:0060013 righting reflex 0.001760419 0.08802094 1 11.36093 0.02 0.08432933 1 8 0.03967869 1 25.20245 0.01086957 0.125 0.03900391 1
GO:0046883 regulation of hormone secretion 0.03326414 1.663207 4 2.404992 0.08 0.08444742 1 254 1.259798 4 3.175111 0.04347826 0.01574803 0.03765096 1
GO:0014068 positive regulation of phosphatidylinositol 3-kinase signaling 0.00970914 0.485457 2 4.119829 0.04 0.08506987 1 65 0.3223893 2 6.203679 0.02173913 0.03076923 0.04136602 1
GO:0051639 actin filament network formation 0.001786115 0.08930577 1 11.19748 0.02 0.08550714 1 10 0.04959836 1 20.16196 0.01086957 0.1 0.04851739 1
GO:0032879 regulation of localization 0.2638321 13.19161 18 1.364504 0.36 0.08625052 1 2558 12.68726 20 1.576384 0.2173913 0.007818608 0.02430633 1
GO:0021932 hindbrain radial glia guided cell migration 0.001853307 0.09266534 1 10.79152 0.02 0.08857987 1 10 0.04959836 1 20.16196 0.01086957 0.1 0.04851739 1
GO:1903960 negative regulation of anion transmembrane transport 0.001870331 0.09351653 1 10.6933 0.02 0.08935678 1 10 0.04959836 1 20.16196 0.01086957 0.1 0.04851739 1
GO:0097475 motor neuron migration 0.00187145 0.09357248 1 10.6869 0.02 0.08940783 1 7 0.03471885 1 28.8028 0.01086957 0.1428571 0.03421195 1
GO:0048664 neuron fate determination 0.001881148 0.09405741 1 10.6318 0.02 0.08985012 1 9 0.04463852 1 22.40217 0.01086957 0.1111111 0.04377235 1
GO:0045446 endothelial cell differentiation 0.0100585 0.502925 2 3.976736 0.04 0.09032138 1 69 0.3422287 2 5.844045 0.02173913 0.02898551 0.04606978 1
GO:0032429 regulation of phospholipase A2 activity 0.00191244 0.09562202 1 10.45784 0.02 0.09127574 1 10 0.04959836 1 20.16196 0.01086957 0.1 0.04851739 1
GO:0002072 optic cup morphogenesis involved in camera-type eye development 0.001927986 0.0963993 1 10.37352 0.02 0.09198315 1 8 0.03967869 1 25.20245 0.01086957 0.125 0.03900391 1
GO:0048845 venous blood vessel morphogenesis 0.001967868 0.09839341 1 10.16328 0.02 0.09379556 1 10 0.04959836 1 20.16196 0.01086957 0.1 0.04851739 1
GO:0042297 vocal learning 0.001972194 0.09860972 1 10.14099 0.02 0.09399195 1 7 0.03471885 1 28.8028 0.01086957 0.1428571 0.03421195 1
GO:0003231 cardiac ventricle development 0.02176147 1.088074 3 2.757166 0.06 0.09517276 1 117 0.5803008 3 5.169732 0.0326087 0.02564103 0.02046191 1
GO:0030916 otic vesicle formation 0.002006788 0.1003394 1 9.966175 0.02 0.09556081 1 8 0.03967869 1 25.20245 0.01086957 0.125 0.03900391 1
GO:0060485 mesenchyme development 0.03482882 1.741441 4 2.296948 0.08 0.0960069 1 190 0.9423689 4 4.244622 0.04347826 0.02105263 0.0148124 1
GO:0021707 cerebellar granule cell differentiation 0.002024776 0.1012388 1 9.877636 0.02 0.09637554 1 6 0.02975902 1 33.60326 0.01086957 0.1666667 0.02939636 1
GO:0021953 central nervous system neuron differentiation 0.03489344 1.744672 4 2.292695 0.08 0.09649988 1 165 0.818373 4 4.887747 0.04347826 0.02424242 0.009200607 1
GO:0098598 learned vocalization behavior or vocal learning 0.002032885 0.1016443 1 9.838235 0.02 0.09674259 1 10 0.04959836 1 20.16196 0.01086957 0.1 0.04851739 1
GO:0098597 observational learning 0.002085851 0.1042925 1 9.588413 0.02 0.09913644 1 8 0.03967869 1 25.20245 0.01086957 0.125 0.03900391 1
GO:1901379 regulation of potassium ion transmembrane transport 0.01077883 0.5389414 2 3.710979 0.04 0.1014416 1 70 0.3471885 2 5.760559 0.02173913 0.02857143 0.04727522 1
GO:0007422 peripheral nervous system development 0.01083718 0.5418588 2 3.690999 0.04 0.1023587 1 69 0.3422287 2 5.844045 0.02173913 0.02898551 0.04606978 1
GO:0060420 regulation of heart growth 0.01087676 0.5438382 2 3.677564 0.04 0.1029823 1 54 0.2678311 2 7.467391 0.02173913 0.03703704 0.02946921 1
GO:0003206 cardiac chamber morphogenesis 0.02259199 1.1296 3 2.655808 0.06 0.1035429 1 120 0.5951803 3 5.040489 0.0326087 0.025 0.02185906 1
GO:0010838 positive regulation of keratinocyte proliferation 0.002209006 0.1104503 1 9.053847 0.02 0.1046786 1 9 0.04463852 1 22.40217 0.01086957 0.1111111 0.04377235 1
GO:0055008 cardiac muscle tissue morphogenesis 0.01110912 0.5554559 2 3.600646 0.04 0.1066635 1 63 0.3124697 2 6.400621 0.02173913 0.03174603 0.03908697 1
GO:0048844 artery morphogenesis 0.01114832 0.5574161 2 3.587984 0.04 0.1072882 1 58 0.2876705 2 6.952399 0.02173913 0.03448276 0.03361132 1
GO:0021683 cerebellar granular layer morphogenesis 0.002268208 0.1134104 1 8.817534 0.02 0.1073308 1 8 0.03967869 1 25.20245 0.01086957 0.125 0.03900391 1
GO:0060911 cardiac cell fate commitment 0.00228502 0.114251 1 8.75266 0.02 0.1080826 1 10 0.04959836 1 20.16196 0.01086957 0.1 0.04851739 1
GO:0009891 positive regulation of biosynthetic process 0.1992904 9.96452 14 1.404985 0.28 0.1081272 1 1842 9.136018 15 1.641853 0.1630435 0.008143322 0.03709062 1
GO:0001764 neuron migration 0.02333425 1.166712 3 2.571328 0.06 0.1112658 1 111 0.5505418 3 5.449177 0.0326087 0.02702703 0.01782061 1
GO:0003139 secondary heart field specification 0.00237932 0.118966 1 8.405765 0.02 0.1122878 1 9 0.04463852 1 22.40217 0.01086957 0.1111111 0.04377235 1
GO:0009888 tissue development 0.1832379 9.161895 13 1.41892 0.26 0.1137995 1 1625 8.059734 14 1.73703 0.1521739 0.008615385 0.02895744 1
GO:0071600 otic vesicle morphogenesis 0.002415445 0.1207723 1 8.280047 0.02 0.1138937 1 9 0.04463852 1 22.40217 0.01086957 0.1111111 0.04377235 1
GO:0001837 epithelial to mesenchymal transition 0.01162223 0.5811113 2 3.441682 0.04 0.1149173 1 66 0.3273492 2 6.109684 0.02173913 0.03030303 0.04252397 1
GO:0060379 cardiac muscle cell myoblast differentiation 0.002441256 0.1220628 1 8.192503 0.02 0.1150393 1 10 0.04959836 1 20.16196 0.01086957 0.1 0.04851739 1
GO:0010557 positive regulation of macromolecule biosynthetic process 0.1836869 9.184343 13 1.415452 0.26 0.1154664 1 1675 8.307725 14 1.685178 0.1521739 0.008358209 0.03617245 1
GO:0022029 telencephalon cell migration 0.01176027 0.5880133 2 3.401284 0.04 0.1171657 1 54 0.2678311 2 7.467391 0.02173913 0.03703704 0.02946921 1
GO:0003266 regulation of secondary heart field cardioblast proliferation 0.002494292 0.1247146 1 8.018307 0.02 0.1173887 1 9 0.04463852 1 22.40217 0.01086957 0.1111111 0.04377235 1
GO:2001223 negative regulation of neuron migration 0.002525251 0.1262625 1 7.920006 0.02 0.1187573 1 9 0.04463852 1 22.40217 0.01086957 0.1111111 0.04377235 1
GO:2000794 regulation of epithelial cell proliferation involved in lung morphogenesis 0.002545682 0.1272841 1 7.856442 0.02 0.1196594 1 8 0.03967869 1 25.20245 0.01086957 0.125 0.03900391 1
GO:0003264 regulation of cardioblast proliferation 0.002580309 0.1290155 1 7.751009 0.02 0.1211862 1 10 0.04959836 1 20.16196 0.01086957 0.1 0.04851739 1
GO:0021885 forebrain cell migration 0.01205264 0.6026318 2 3.318776 0.04 0.121965 1 57 0.2827107 2 7.074371 0.02173913 0.03508772 0.03255546 1
GO:0051240 positive regulation of multicellular organismal process 0.1869222 9.346109 13 1.390953 0.26 0.1279222 1 1466 7.27112 13 1.787895 0.1413043 0.008867667 0.02856899 1
GO:0048513 animal organ development 0.3160525 15.80263 20 1.265612 0.4 0.1311534 1 2933 14.5472 22 1.512319 0.2391304 0.007500852 0.02775368 1
GO:0030154 cell differentiation 0.3736993 18.68496 23 1.230936 0.46 0.13286 1 3461 17.16599 26 1.514623 0.2826087 0.00751228 0.0158943 1
GO:0014032 neural crest cell development 0.01271911 0.6359554 2 3.144875 0.04 0.1330829 1 59 0.2926303 2 6.834562 0.02173913 0.03389831 0.03468048 1
GO:0009790 embryo development 0.1188122 5.94061 9 1.514996 0.18 0.1331767 1 906 4.493612 9 2.002843 0.09782609 0.009933775 0.03559476 1
GO:0048738 cardiac muscle tissue development 0.02534172 1.267086 3 2.367637 0.06 0.1332192 1 152 0.7538951 3 3.979334 0.0326087 0.01973684 0.03992513 1
GO:0003281 ventricular septum development 0.01288573 0.6442864 2 3.10421 0.04 0.1358985 1 63 0.3124697 2 6.400621 0.02173913 0.03174603 0.03908697 1
GO:0048699 generation of neurons 0.2069092 10.34546 14 1.353251 0.28 0.136369 1 1384 6.864413 14 2.039504 0.1521739 0.01011561 0.008076287 1
GO:0048514 blood vessel morphogenesis 0.05484268 2.742134 5 1.823398 0.1 0.1379386 1 375 1.859939 5 2.688261 0.05434783 0.01333333 0.03880159 1
GO:0014031 mesenchymal cell development 0.01320142 0.6600708 2 3.029978 0.04 0.1412702 1 63 0.3124697 2 6.400621 0.02173913 0.03174603 0.03908697 1
GO:0045666 positive regulation of neuron differentiation 0.05538995 2.769497 5 1.805382 0.1 0.1421112 1 328 1.626826 5 3.073469 0.05434783 0.0152439 0.02365551 1
GO:0048864 stem cell development 0.01363196 0.681598 2 2.934281 0.04 0.1486703 1 63 0.3124697 2 6.400621 0.02173913 0.03174603 0.03908697 1
GO:0048869 cellular developmental process 0.3785228 18.92614 23 1.21525 0.46 0.1488388 1 3537 17.54294 26 1.482078 0.2826087 0.007350862 0.02064204 1
GO:0048663 neuron fate commitment 0.01364987 0.6824935 2 2.930431 0.04 0.1489798 1 68 0.3372689 2 5.929987 0.02173913 0.02941176 0.044876 1
GO:0003208 cardiac ventricle morphogenesis 0.01388827 0.6944136 2 2.880128 0.04 0.1531137 1 72 0.3571082 2 5.600543 0.02173913 0.02777778 0.0497205 1
GO:0031016 pancreas development 0.01401424 0.7007118 2 2.854241 0.04 0.1553072 1 71 0.3521484 2 5.679424 0.02173913 0.02816901 0.04849218 1
GO:0014033 neural crest cell differentiation 0.0140389 0.7019451 2 2.849226 0.04 0.1557375 1 67 0.332309 2 6.018494 0.02173913 0.02985075 0.04369401 1
GO:0030324 lung development 0.02761294 1.380647 3 2.172894 0.06 0.1597316 1 166 0.8233328 3 3.643727 0.0326087 0.01807229 0.04961208 1
GO:0010720 positive regulation of cell development 0.07400259 3.700129 6 1.621565 0.12 0.1626057 1 473 2.346002 6 2.557542 0.06521739 0.01268499 0.03022548 1
GO:0048729 tissue morphogenesis 0.07434285 3.717143 6 1.614143 0.12 0.1650584 1 511 2.534476 6 2.367353 0.06521739 0.01174168 0.04157985 1
GO:0050768 negative regulation of neurogenesis 0.04289507 2.144754 4 1.865016 0.08 0.1662114 1 245 1.21516 4 3.291748 0.04347826 0.01632653 0.03365885 1
GO:0007423 sensory organ development 0.07487318 3.743659 6 1.60271 0.12 0.1689141 1 512 2.539436 6 2.362729 0.06521739 0.01171875 0.04191063 1
GO:0060411 cardiac septum morphogenesis 0.01498846 0.7494229 2 2.66872 0.04 0.1724723 1 65 0.3223893 2 6.203679 0.02173913 0.03076923 0.04136602 1
GO:0001708 cell fate specification 0.01519519 0.7597596 2 2.632412 0.04 0.1761562 1 72 0.3571082 2 5.600543 0.02173913 0.02777778 0.0497205 1
GO:0007399 nervous system development 0.2910117 14.55058 18 1.237064 0.36 0.1782659 1 2198 10.90172 19 1.742844 0.2065217 0.008644222 0.01066178 1
GO:0051961 negative regulation of nervous system development 0.04485435 2.242718 4 1.78355 0.08 0.1855619 1 265 1.314357 4 3.043314 0.04347826 0.01509434 0.04288591 1
GO:0007411 axon guidance 0.04514058 2.257029 4 1.772241 0.08 0.1884515 1 224 1.111003 4 3.600349 0.04347826 0.01785714 0.02535367 1
GO:0097485 neuron projection guidance 0.04530292 2.265146 4 1.76589 0.08 0.1900971 1 226 1.120923 4 3.568488 0.04347826 0.01769912 0.02608433 1
GO:0045664 regulation of neuron differentiation 0.09515037 4.757518 7 1.471355 0.14 0.1943892 1 570 2.827107 7 2.47603 0.07608696 0.0122807 0.02316775 1
GO:0050767 regulation of neurogenesis 0.1126074 5.630372 8 1.420865 0.16 0.1960209 1 695 3.447086 8 2.320801 0.08695652 0.01151079 0.02201921 1
GO:0030182 neuron differentiation 0.1478073 7.390366 10 1.353113 0.2 0.1960855 1 920 4.563049 10 2.191517 0.1086957 0.01086957 0.01567088 1
GO:0000902 cell morphogenesis 0.09720292 4.860146 7 1.440286 0.14 0.2090739 1 616 3.055259 7 2.291131 0.07608696 0.01136364 0.03337553 1
GO:0032501 multicellular organismal process 0.5764249 28.82125 32 1.110292 0.64 0.222715 1 6562 32.54644 42 1.290464 0.4565217 0.006400488 0.02659018 1
GO:0044767 single-organism developmental process 0.5188896 25.94448 29 1.117771 0.58 0.2351931 1 5349 26.53016 36 1.356946 0.3913043 0.00673023 0.02136561 1
GO:0007155 cell adhesion 0.1362952 6.814759 9 1.320663 0.18 0.2354892 1 1042 5.168149 10 1.934929 0.1086957 0.009596929 0.03349294 1
GO:0022610 biological adhesion 0.1365212 6.826061 9 1.318476 0.18 0.2369843 1 1047 5.192948 10 1.925688 0.1086957 0.009551098 0.03444279 1
GO:0032502 developmental process 0.5230956 26.15478 29 1.108784 0.58 0.2539388 1 5436 26.96167 36 1.335229 0.3913043 0.006622517 0.0271812 1
GO:0060284 regulation of cell development 0.1242248 6.211239 8 1.287988 0.16 0.2776778 1 808 4.007548 9 2.245762 0.09782609 0.01113861 0.01871902 1
GO:0051960 regulation of nervous system development 0.1281662 6.40831 8 1.248379 0.16 0.3075455 1 785 3.893471 8 2.054722 0.08695652 0.01019108 0.04098772 1
GO:0044707 single-multicellular organism process 0.5296908 26.48454 28 1.057221 0.56 0.3879488 1 5528 27.41797 36 1.313007 0.3913043 0.006512301 0.03465407 1
GO:0097489 multivesicular body, internal vesicle lumen 0.0002081092 0.01040546 1 96.10341 0.02 0.01035258 1 1 0.004959836 1 201.6196 0.01086957 1 0.004959836 1
GO:0070435 Shc-EGFR complex 0.0002112542 0.01056271 1 94.67268 0.02 0.01050822 1 2 0.009919672 1 100.8098 0.01086957 0.5 0.009895338 1
GO:0097149 centralspindlin complex 0.0002219729 0.01109865 1 90.10109 0.02 0.0110385 1 3 0.01487951 1 67.20652 0.01086957 0.3333333 0.01480662 1
GO:0043291 RAVE complex 0.0002406243 0.01203121 1 83.11714 0.02 0.01196056 1 2 0.009919672 1 100.8098 0.01086957 0.5 0.009895338 1
GO:0033503 HULC complex 0.0003400665 0.01700333 1 58.81203 0.02 0.01686243 1 5 0.02479918 1 40.32391 0.01086957 0.2 0.02455702 1
GO:0097487 multivesicular body, internal vesicle 0.0003941106 0.01970553 1 50.74718 0.02 0.01951645 1 4 0.01983934 1 50.40489 0.01086957 0.25 0.01969381 1
GO:0032154 cleavage furrow 0.004301478 0.2150739 2 9.29913 0.04 0.01977047 1 52 0.2579115 2 7.754599 0.02173913 0.03846154 0.02748107 1
GO:0016323 basolateral plasma membrane 0.02177871 1.088936 4 3.673312 0.08 0.02341571 1 208 1.031646 4 3.877299 0.04347826 0.01923077 0.01995666 1
GO:0032155 cell division site part 0.005214929 0.2607465 2 7.670286 0.04 0.02823486 1 61 0.30255 2 6.610478 0.02173913 0.03278689 0.03685805 1
GO:0031371 ubiquitin conjugating enzyme complex 0.0006540792 0.03270396 1 30.57734 0.02 0.03218532 1 9 0.04463852 1 22.40217 0.01086957 0.1111111 0.04377235 1
GO:0005587 collagen type IV trimer 0.0006609651 0.03304826 1 30.25878 0.02 0.0325187 1 6 0.02975902 1 33.60326 0.01086957 0.1666667 0.02939636 1
GO:0071438 invadopodium membrane 0.0006752353 0.03376177 1 29.6193 0.02 0.03320922 1 6 0.02975902 1 33.60326 0.01086957 0.1666667 0.02939636 1
GO:0005663 DNA replication factor C complex 0.0006894202 0.03447101 1 29.00988 0.02 0.03389514 1 6 0.02975902 1 33.60326 0.01086957 0.1666667 0.02939636 1
GO:0031390 Ctf18 RFC-like complex 0.0007813174 0.03906587 1 25.59779 0.02 0.03832733 1 8 0.03967869 1 25.20245 0.01086957 0.125 0.03900391 1
GO:0031095 platelet dense tubular network membrane 0.0007813202 0.03906601 1 25.5977 0.02 0.03832746 1 9 0.04463852 1 22.40217 0.01086957 0.1111111 0.04377235 1
GO:0000792 heterochromatin 0.006205275 0.3102638 2 6.446128 0.04 0.03875357 1 72 0.3571082 2 5.600543 0.02173913 0.02777778 0.0497205 1
GO:0031618 nuclear pericentric heterochromatin 0.0007962775 0.03981388 1 25.11687 0.02 0.03904696 1 9 0.04463852 1 22.40217 0.01086957 0.1111111 0.04377235 1
GO:0045177 apical part of cell 0.03798465 1.899233 5 2.632642 0.1 0.04072899 1 360 1.785541 5 2.800272 0.05434783 0.01388889 0.03345199 1
GO:0070852 cell body fiber 0.0008626584 0.04313292 1 23.18415 0.02 0.04223376 1 6 0.02975902 1 33.60326 0.01086957 0.1666667 0.02939636 1
GO:0017059 serine C-palmitoyltransferase complex 0.0009249878 0.04624939 1 21.62191 0.02 0.04521662 1 8 0.03967869 1 25.20245 0.01086957 0.125 0.03900391 1
GO:0098642 network-forming collagen trimer 0.0009776493 0.04888246 1 20.45723 0.02 0.04772972 1 7 0.03471885 1 28.8028 0.01086957 0.1428571 0.03421195 1
GO:0098651 basement membrane collagen trimer 0.001079486 0.05397429 1 18.52734 0.02 0.05257116 1 8 0.03967869 1 25.20245 0.01086957 0.125 0.03900391 1
